[gd_scene load_steps=22 format=3 uid="uid://cjucb0fmd6cs7"]

[ext_resource type="Script" path="res://Scripts/prototipo_carrovr.gd" id="1_watuh"]
[ext_resource type="PackedScene" uid="uid://mv5so6xntila" path="res://Propts/Player/player_car_vr.tscn" id="2_f6ofk"]
[ext_resource type="Texture2D" uid="uid://cidwtim2kexb7" path="res://Propts/material/godot-material-concrete-1.0.1/godot-material-concrete-1.0.1/materials/concrete_hd/concrete_height.png" id="4_7mmsi"]
[ext_resource type="PackedScene" uid="uid://cesyr83a72be0" path="res://Propts/tuneles_tscn/road_tunnel.tscn" id="4_mv0c4"]
[ext_resource type="PackedScene" uid="uid://cbgss41ecfbe6" path="res://Propts/tuneles_tscn/intersection_tunnel.tscn" id="5_gp4nj"]
[ext_resource type="Texture2D" uid="uid://1veapuhn85gr" path="res://Propts/material/godot-material-concrete-1.0.1/godot-material-concrete-1.0.1/materials/concrete_hd/concrete_spec.png" id="5_w6plo"]
[ext_resource type="PackedScene" uid="uid://ck4q1wa1quqwh" path="res://Propts/tuneles_tscn/right_road_tunnel.tscn" id="6_45c8j"]
[ext_resource type="PackedScene" uid="uid://c8obg1n1ud002" path="res://UI/menu_pausa_2.tscn" id="8_icv2h"]
[ext_resource type="PackedScene" uid="uid://dnximw1ob6xqp" path="res://UI/textbox_instructions.tscn" id="9_w7v0u"]

[sub_resource type="ProceduralSkyMaterial" id="ProceduralSkyMaterial_v6dpl"]
sky_horizon_color = Color(0.64625, 0.65575, 0.67075, 1)
ground_horizon_color = Color(0.64625, 0.65575, 0.67075, 1)

[sub_resource type="Sky" id="Sky_apfot"]
sky_material = SubResource("ProceduralSkyMaterial_v6dpl")

[sub_resource type="Environment" id="Environment_sg6oo"]
background_mode = 2
sky = SubResource("Sky_apfot")
tonemap_mode = 2
glow_enabled = true

[sub_resource type="StandardMaterial3D" id="StandardMaterial3D_lflqs"]
albedo_texture = ExtResource("4_7mmsi")

[sub_resource type="StandardMaterial3D" id="StandardMaterial3D_rsbyb"]
albedo_texture = ExtResource("5_w6plo")

[sub_resource type="BoxMesh" id="BoxMesh_kdqvu"]
material = SubResource("StandardMaterial3D_rsbyb")
size = Vector3(500, 1, 500)

[sub_resource type="ConvexPolygonShape3D" id="ConvexPolygonShape3D_hus68"]
points = PackedVector3Array(-250, -0.5, -250, -250, 0.5, -250, 250, -0.5, -250, -250, -0.5, 250, -250, 0.5, 250, 250, 0.5, -250, 250, -0.5, 250, 250, 0.5, 250)

[sub_resource type="StandardMaterial3D" id="StandardMaterial3D_d11xa"]
albedo_color = Color(1, 1, 0.458824, 1)

[sub_resource type="BoxMesh" id="BoxMesh_tk7ax"]
material = SubResource("StandardMaterial3D_d11xa")
size = Vector3(5, 10, 5)

[sub_resource type="BoxShape3D" id="BoxShape3D_8tc16"]
size = Vector3(10.4721, 4.13385, 5.18518)

[sub_resource type="PhysicsMaterial" id="PhysicsMaterial_hlmbh"]

[sub_resource type="BoxShape3D" id="BoxShape3D_0wfkj"]
size = Vector3(500.492, 2.58606, 498.254)

[node name="prototipoCarro" type="Node3D"]
script = ExtResource("1_watuh")

[node name="WorldEnvironment" type="WorldEnvironment" parent="."]
environment = SubResource("Environment_sg6oo")

[node name="DirectionalLight3D" type="DirectionalLight3D" parent="."]
transform = Transform3D(-0.866024, -0.433016, 0.250001, 0, 0.499998, 0.866026, -0.500003, 0.749999, -0.43301, 211.418, 205.735, -156.397)
shadow_enabled = true

[node name="player_car" parent="." instance=ExtResource("2_f6ofk")]
transform = Transform3D(-0.707107, 0, -0.707107, 0, 1, 0, 0.707107, 0, -0.707107, 19.4, 52.6, -20.6)

[node name="MeshInstance3D" type="MeshInstance3D" parent="."]
transform = Transform3D(1, 0, 0, 0, 1, 0, 0, 0, 1, 8.03192, 50.9409, -5.91964)
material_override = SubResource("StandardMaterial3D_lflqs")
mesh = SubResource("BoxMesh_kdqvu")

[node name="StaticBody3D" type="StaticBody3D" parent="MeshInstance3D"]

[node name="CollisionShape3D" type="CollisionShape3D" parent="MeshInstance3D/StaticBody3D"]
shape = SubResource("ConvexPolygonShape3D_hus68")

[node name="laberintoTuneles" type="Node3D" parent="MeshInstance3D"]
transform = Transform3D(1, 0, 0, 0, 1, 0, 0, 0, 1, 0, 0.5, 0)

[node name="road_tunnel" parent="MeshInstance3D/laberintoTuneles" instance=ExtResource("4_mv0c4")]
transform = Transform3D(1, 0, 0, 0, 1, 0, 0, 0, 1, -160.029, 0.343121, -114.989)

[node name="right_road_tunnel" parent="MeshInstance3D/laberintoTuneles" instance=ExtResource("6_45c8j")]
transform = Transform3D(0.818029, 0, -0.575177, 0, 1, 0, 0.575177, 0, 0.818029, -141.21, 1.12224, -88.294)

[node name="right_road_tunnel2" parent="MeshInstance3D/laberintoTuneles" instance=ExtResource("6_45c8j")]
transform = Transform3D(-0.732317, 0, 0.680963, 0, 1, 0, -0.680963, 0, -0.732317, -89.5061, 1.03623, 29.9132)

[node name="right_road_tunnel3" parent="MeshInstance3D/laberintoTuneles" instance=ExtResource("6_45c8j")]
transform = Transform3D(0.636136, 0, -0.808226, 0, 0.968259, 0, 0.873095, 0, 0.588872, 19.2897, 0.747055, 100.111)

[node name="right_road_tunnel5" parent="MeshInstance3D/laberintoTuneles" instance=ExtResource("6_45c8j")]
transform = Transform3D(-0.99606, 0, -0.0886858, 0, 1, 0, 0.0886858, 0, -0.99606, 48.606, -0.036438, 49.0786)

[node name="right_road_tunnel6" parent="MeshInstance3D/laberintoTuneles" instance=ExtResource("6_45c8j")]
transform = Transform3D(0.99975, -0.0223259, 0.000375029, 0.0223226, 0.999726, 0.00708545, -0.000532996, -0.00707531, 0.999974, -44.6847, 0.268421, -174.937)

[node name="road_tunnel2" parent="MeshInstance3D/laberintoTuneles" instance=ExtResource("4_mv0c4")]
transform = Transform3D(0.649581, 0, 0.760293, 0, 1, 0, -0.760293, 0, 0.649581, -107.536, 0.439442, -137.568)

[node name="intersection_tunnel8" parent="MeshInstance3D/laberintoTuneles" instance=ExtResource("5_gp4nj")]
transform = Transform3D(-0.999581, 0.00293214, 0.0287766, 0.00293076, 0.999996, -9.01572e-05, -0.0287767, -5.7822e-06, -0.999585, -88.9918, 1.04754, -4.85035)

[node name="right_road_tunnel4" parent="MeshInstance3D/laberintoTuneles" instance=ExtResource("6_45c8j")]
transform = Transform3D(-0.997246, 0.0116965, 0.0732288, 0.0107449, 0.999853, -0.0133752, -0.0733745, -0.0125516, -0.997225, -92.5097, 0.771496, 103.02)

[node name="intersection_tunnel10" parent="MeshInstance3D/laberintoTuneles" instance=ExtResource("5_gp4nj")]
transform = Transform3D(0.331045, 0.0129779, -0.943533, -0.00471568, 1.0457, 0.0114969, 0.943603, 0.000672874, 0.331078, -206.975, 0.329498, 149.221)

[node name="intersection_tunnel11" parent="MeshInstance3D/laberintoTuneles" instance=ExtResource("5_gp4nj")]
transform = Transform3D(0.889759, 0, -0.45643, 0, 1, 0, 0.45643, 0, 0.889759, -161.772, 0.249084, 133.858)

[node name="intersection_tunnel12" parent="MeshInstance3D/laberintoTuneles" instance=ExtResource("5_gp4nj")]
transform = Transform3D(0.532359, 0, 0.846518, 0, 1, 0, -0.846518, 0, 0.532359, -61.0464, 0.853806, 49.943)

[node name="intersection_tunnel13" parent="MeshInstance3D/laberintoTuneles" instance=ExtResource("5_gp4nj")]
transform = Transform3D(0.99534, 0, -0.096419, 0, 1, 0, 0.096419, 0, 0.99534, -114.235, 0.273014, 76.1014)

[node name="intersection_tunnel14" parent="MeshInstance3D/laberintoTuneles" instance=ExtResource("5_gp4nj")]
transform = Transform3D(-0.283681, 0, 0.958919, 0, 1, 0, -0.958919, 0, -0.283681, -180.298, 1.10962, 4.23053)

[node name="right_road_tunnel7" parent="MeshInstance3D/laberintoTuneles" instance=ExtResource("6_45c8j")]
transform = Transform3D(0.41409, 0, 0.910236, 0, 1, 0, -0.910236, 0, 0.41409, -213.208, 1.18568, 14.5854)

[node name="intersection_tunnel15" parent="MeshInstance3D/laberintoTuneles" instance=ExtResource("5_gp4nj")]
transform = Transform3D(1.00876, 0.0305858, 0.124621, -0.0302191, 0.999519, -0.00888838, -0.126976, 0.00511255, 0.992165, -1.85388, 0.205048, 9.41017)

[node name="right_road_tunnel8" parent="MeshInstance3D/laberintoTuneles" instance=ExtResource("6_45c8j")]
transform = Transform3D(-0.439955, 0, 0.89802, 0, 1, 0, -0.89802, 0, -0.439955, -221.825, 1.27144, 35.5538)

[node name="intersection_tunnel16" parent="MeshInstance3D/laberintoTuneles" instance=ExtResource("5_gp4nj")]
transform = Transform3D(0.997497, 0, 0.0707134, 0, 1, 0, -0.0707134, 0, 0.997497, -137.978, 1.09372, -53.8394)

[node name="right_road_tunnel9" parent="MeshInstance3D/laberintoTuneles" instance=ExtResource("6_45c8j")]
transform = Transform3D(-0.719545, 0, -0.694444, 0, 1, 0, 0.694444, 0, -0.719545, -129.05, 0.450066, -114.409)

[node name="intersection_tunnel17" parent="MeshInstance3D/laberintoTuneles" instance=ExtResource("5_gp4nj")]
transform = Transform3D(-0.796382, 0.012349, 0.604669, 0.00968305, 0.999924, -0.00766807, -0.604717, -0.000251671, -0.796441, -80.1637, 0.263268, -171.858)

[node name="intersection_tunnel18" parent="MeshInstance3D/laberintoTuneles" instance=ExtResource("5_gp4nj")]
transform = Transform3D(-0.652544, 0.000174998, -0.645226, 0.000291834, 1, -0.000163717, 0.51995, -0.000341634, -0.809768, -16.2958, 0.875813, 49.6155)

[node name="intersection_tunnel19" parent="MeshInstance3D/laberintoTuneles" instance=ExtResource("5_gp4nj")]
transform = Transform3D(0.999995, 0.000604864, 0.00321354, -0.000589, 0.999988, -0.00493532, -0.00321648, 0.00493337, 0.999983, -27.3553, 0.462551, -63.8869)

[node name="right_road_tunnel10" parent="MeshInstance3D/laberintoTuneles" instance=ExtResource("6_45c8j")]
transform = Transform3D(0.733931, 0, -0.679223, 0, 1, 0, 0.679223, 0, 0.733931, -83.2869, 0.352634, -206.548)

[node name="right_road_tunnel11" parent="MeshInstance3D/laberintoTuneles" instance=ExtResource("6_45c8j")]
transform = Transform3D(1.15199, 0.00119356, -0.0807962, -0.000585436, 0.999964, 0.00852321, 0.0933897, -0.00845441, 0.996694, 49.8565, 0.621025, -148.8)

[node name="intersection_tunnel22" parent="MeshInstance3D/laberintoTuneles" instance=ExtResource("5_gp4nj")]
transform = Transform3D(0.716566, -0.00337048, 0.697511, 0.00341643, 0.999994, 0.00132236, -0.697511, 0.00143544, 0.716572, -21.7497, 0.568634, -150.796)

[node name="intersection_tunnel23" parent="MeshInstance3D/laberintoTuneles" instance=ExtResource("5_gp4nj")]
transform = Transform3D(0.998134, 0, -0.0610486, 0, 1, 0, 0.0610486, 0, 0.998134, 16.3272, 0.829876, 134.182)

[node name="right_road_tunnel12" parent="MeshInstance3D/laberintoTuneles" instance=ExtResource("6_45c8j")]
transform = Transform3D(0.553878, 0, -0.6931, 0, 1, 0, 0.532562, 0, 0.720842, -5.27182, 0.415829, -41.8599)

[node name="road_tunnel3" parent="MeshInstance3D/laberintoTuneles" instance=ExtResource("4_mv0c4")]
transform = Transform3D(0.886632, 0, -0.00314664, 0, 0.955279, 0, 0.00272344, 0, 1.02437, 18.6669, 0.632526, -149.877)

[node name="road_tunnel4" parent="MeshInstance3D/laberintoTuneles" instance=ExtResource("4_mv0c4")]
transform = Transform3D(0.141299, 0, 0.989967, 0, 1, 0, -0.989967, 0, 0.141299, -24.7195, 0.48547, -107.451)

[node name="road_tunnel5" parent="MeshInstance3D/laberintoTuneles" instance=ExtResource("4_mv0c4")]
transform = Transform3D(-0.0246669, 0, 0.888916, 0, 1.04431, 0, -0.465848, 0, -0.0470685, -5.28649, 0.32391, -23.0413)

[node name="road_tunnel6" parent="MeshInstance3D/laberintoTuneles" instance=ExtResource("4_mv0c4")]
transform = Transform3D(0.730944, 0.00644711, 0.682407, -0.00896943, 0.99996, 0.000160164, -0.682379, -0.00623788, 0.730972, -58.4621, 0.620403, -33.6059)

[node name="road_tunnel7" parent="MeshInstance3D/laberintoTuneles" instance=ExtResource("4_mv0c4")]
transform = Transform3D(0.383334, 0, -0.731925, 0, 1, 0, 0.411767, 0, 0.681385, -112.868, 1.06956, -30.4645)

[node name="road_tunnel8" parent="MeshInstance3D/laberintoTuneles" instance=ExtResource("4_mv0c4")]
transform = Transform3D(0.391541, 0.00623638, 0.788997, -0.0062274, 0.999952, -0.000295148, -0.502812, -0.00752827, 0.614398, -161.352, 1.13943, -25.6711)

[node name="road_tunnel9" parent="MeshInstance3D/laberintoTuneles" instance=ExtResource("4_mv0c4")]
transform = Transform3D(0.57322, 0, -0.486808, 0, 1, 0, 0.319456, 0, 0.873509, -147.821, 1.10189, 21.7635)

[node name="right_road_tunnel14" parent="MeshInstance3D/laberintoTuneles" instance=ExtResource("6_45c8j")]
transform = Transform3D(0.166257, 0.000643653, -0.986082, 0.00808875, 0.999965, 0.00201651, 0.986048, -0.00831143, 0.166246, -52.9123, 0.511509, 84.3942)

[node name="right_road_tunnel15" parent="MeshInstance3D/laberintoTuneles" instance=ExtResource("6_45c8j")]
transform = Transform3D(-0.758344, 0.00917343, -0.802611, 0.0145239, 1.0253, 0.000726638, 0.854278, -0.00928809, -0.71249, -68.4548, 0.599407, 103.477)

[node name="road_tunnel10" parent="MeshInstance3D/laberintoTuneles" instance=ExtResource("4_mv0c4")]
transform = Transform3D(-0.601762, 0, 0.607277, 0, 1, 0, -0.459965, 0, -0.794488, 28.556, -0.0125961, 32.8445)

[node name="road_tunnel11" parent="MeshInstance3D/laberintoTuneles" instance=ExtResource("4_mv0c4")]
transform = Transform3D(0.502487, 0, -0.379799, 0, 1.1, 0, 0.252365, 0, 0.922742, -127.54, 0.761162, 32.3885)

[node name="right_road_tunnel13" parent="MeshInstance3D/laberintoTuneles" instance=ExtResource("6_45c8j")]
transform = Transform3D(0.614886, 0, -0.738754, 0, 1, 0, 0.55817, 0, 0.81382, -110.607, 0.323757, 43.4645)

[node name="road_tunnel12" parent="MeshInstance3D/laberintoTuneles" instance=ExtResource("4_mv0c4")]
transform = Transform3D(-0.488053, 0, -0.723883, 0, 1, 0, 0.552945, 0, -0.638929, -141.442, 0.279476, 101.94)

[node name="right_road_tunnel16" parent="MeshInstance3D/laberintoTuneles" instance=ExtResource("6_45c8j")]
transform = Transform3D(-0.399533, 0, 0.916718, 0, 1.06487, 0, -0.916718, 0, -0.399533, -221.748, 0.397701, 180.373)

[node name="road_tunnel13" parent="MeshInstance3D/laberintoTuneles" instance=ExtResource("4_mv0c4")]
transform = Transform3D(-0.167363, 0.00674253, 0.965334, -0.0082857, 0.999862, -0.0104754, -0.619137, -0.0152034, -0.260806, -151.251, 0.496113, 169.049)

[node name="right_road_tunnel17" parent="MeshInstance3D/laberintoTuneles" instance=ExtResource("6_45c8j")]
transform = Transform3D(0.237957, 0, -0.971275, 0, 1.13395, 0, 0.971275, 0, 0.237957, -145.52, 0.55928, 191.533)

[node name="right_road_tunnel18" parent="MeshInstance3D/laberintoTuneles" instance=ExtResource("6_45c8j")]
transform = Transform3D(-0.686516, 0, -0.679789, 0, 1.07059, 0, 0.727113, 0, -0.641835, -28.0282, 0.857731, 174.006)

[node name="road_tunnel14" parent="MeshInstance3D/laberintoTuneles" instance=ExtResource("4_mv0c4")]
transform = Transform3D(0.337362, 0, -0.579816, 0, 0.954404, 0, 0.552716, 0, 0.612958, 5.49967, 0.957951, 79.7451)

[node name="road_tunnel15" parent="MeshInstance3D/laberintoTuneles" instance=ExtResource("4_mv0c4")]
transform = Transform3D(-0.497902, 0, -0.79769, 0, 1.08552, 0, 0.414008, 0, -0.559865, -10.3955, 0.828693, 157.378)

[node name="road_tunnel16" parent="MeshInstance3D/laberintoTuneles" instance=ExtResource("4_mv0c4")]
transform = Transform3D(0.480845, 0, 0.117276, 0, 1, 0, 0.111079, 0, 0.922668, -47.898, 0.962887, 172.002)

[node name="Area3D" type="Area3D" parent="MeshInstance3D/laberintoTuneles"]
transform = Transform3D(1, 0, 0, 0, 1, 0, 0, 0, 1, -123.003, -13.8578, -238.928)

[node name="MeshInstance3D" type="MeshInstance3D" parent="MeshInstance3D/laberintoTuneles/Area3D"]
transform = Transform3D(0.0149657, 0.680965, 0.732163, -0.999759, 0.0219719, 2.98023e-08, -0.016087, -0.731986, 0.68113, 28.532, 16.4728, 22.2128)
mesh = SubResource("BoxMesh_tk7ax")

[node name="CollisionShape3D" type="CollisionShape3D" parent="MeshInstance3D/laberintoTuneles/Area3D"]
transform = Transform3D(0.663208, 0, 0.748435, 0, 1, 0, -0.748435, 0, 0.663208, 28.786, 16.9922, 22.2887)
shape = SubResource("BoxShape3D_8tc16")

[node name="MeshInstance3D3" type="MeshInstance3D" parent="MeshInstance3D"]
transform = Transform3D(1, 0, 0, 0, 1, 0, 0, 0, 1, -6.33269, 404.395, 2.70903)
mesh = SubResource("BoxMesh_kdqvu")

[node name="StaticBody3D" type="StaticBody3D" parent="MeshInstance3D/MeshInstance3D3"]
physics_material_override = SubResource("PhysicsMaterial_hlmbh")

[node name="CollisionShape3D" type="CollisionShape3D" parent="MeshInstance3D/MeshInstance3D3/StaticBody3D"]
transform = Transform3D(1, 0, 0, 0, 1, 0, 0, 0, 1, -4.41415, 5.54903, -3.22897)
shape = SubResource("BoxShape3D_0wfkj")

[node name="MeshInstance3D_calle" type="MeshInstance3D" parent="MeshInstance3D/MeshInstance3D3"]
transform = Transform3D(0.05, 0, 0, 0, 1, 0, 0, 0, 0.994888, -224.214, 1.74651, 2.35382)
material_override = SubResource("StandardMaterial3D_lflqs")
mesh = SubResource("BoxMesh_kdqvu")
skeleton = NodePath("../..")

[node name="StaticBody3D" type="StaticBody3D" parent="MeshInstance3D/MeshInstance3D3/MeshInstance3D_calle"]

[node name="CollisionShape3D" type="CollisionShape3D" parent="MeshInstance3D/MeshInstance3D3/MeshInstance3D_calle/StaticBody3D"]
shape = SubResource("ConvexPolygonShape3D_hus68")

[node name="MeshInstance3D_calle2" type="MeshInstance3D" parent="MeshInstance3D/MeshInstance3D3"]
transform = Transform3D(0.0504086, 0, 0, 0, 1, 0, 0, 0, 0.989802, -154.174, 3.49304, 0.286842)
material_override = SubResource("StandardMaterial3D_lflqs")
mesh = SubResource("BoxMesh_kdqvu")

[node name="StaticBody3D" type="StaticBody3D" parent="MeshInstance3D/MeshInstance3D3/MeshInstance3D_calle2"]

[node name="CollisionShape3D" type="CollisionShape3D" parent="MeshInstance3D/MeshInstance3D3/MeshInstance3D_calle2/StaticBody3D"]
shape = SubResource("ConvexPolygonShape3D_hus68")

[node name="MeshInstance3D_calle3" type="MeshInstance3D" parent="MeshInstance3D/MeshInstance3D3"]
transform = Transform3D(0.0594449, 0, 0, 0, 1, 0, 0, 0, 0.979709, -21.9179, 3.12195, 0.570758)
material_override = SubResource("StandardMaterial3D_lflqs")
mesh = SubResource("BoxMesh_kdqvu")
skeleton = NodePath("../MeshInstance3D_calle2")

[node name="StaticBody3D" type="StaticBody3D" parent="MeshInstance3D/MeshInstance3D3/MeshInstance3D_calle3"]

[node name="CollisionShape3D" type="CollisionShape3D" parent="MeshInstance3D/MeshInstance3D3/MeshInstance3D_calle3/StaticBody3D"]
shape = SubResource("ConvexPolygonShape3D_hus68")

[node name="MeshInstance3D_calle4" type="MeshInstance3D" parent="MeshInstance3D/MeshInstance3D3"]
transform = Transform3D(0.0527522, 0, 0, 0, 1, 0, 0, 0, 0.959829, 50.8147, 0.982635, 1.12993)
material_override = SubResource("StandardMaterial3D_lflqs")
mesh = SubResource("BoxMesh_kdqvu")
skeleton = NodePath("../MeshInstance3D_calle2")

[node name="StaticBody3D" type="StaticBody3D" parent="MeshInstance3D/MeshInstance3D3/MeshInstance3D_calle4"]

[node name="CollisionShape3D" type="CollisionShape3D" parent="MeshInstance3D/MeshInstance3D3/MeshInstance3D_calle4/StaticBody3D"]
shape = SubResource("ConvexPolygonShape3D_hus68")

[node name="MeshInstance3D_calle5" type="MeshInstance3D" parent="MeshInstance3D/MeshInstance3D3"]
transform = Transform3D(0.067, 0, 0, 0, 1, 0, 0, 0, 1.002, 198.357, 2.96735, -0.0554018)
material_override = SubResource("StandardMaterial3D_lflqs")
mesh = SubResource("BoxMesh_kdqvu")
skeleton = NodePath("../MeshInstance3D_calle2")

[node name="StaticBody3D" type="StaticBody3D" parent="MeshInstance3D/MeshInstance3D3/MeshInstance3D_calle5"]

[node name="CollisionShape3D" type="CollisionShape3D" parent="MeshInstance3D/MeshInstance3D3/MeshInstance3D_calle5/StaticBody3D"]
shape = SubResource("ConvexPolygonShape3D_hus68")

[node name="MeshInstance3D_calle6" type="MeshInstance3D" parent="MeshInstance3D/MeshInstance3D3"]
transform = Transform3D(0.067, 0, 0, 0, 1, 0, 0, 0, 1.0021, 163.565, 3.35486, -2.7507)
material_override = SubResource("StandardMaterial3D_lflqs")
mesh = SubResource("BoxMesh_kdqvu")
skeleton = NodePath("../MeshInstance3D_calle2")

[node name="StaticBody3D" type="StaticBody3D" parent="MeshInstance3D/MeshInstance3D3/MeshInstance3D_calle6"]

[node name="CollisionShape3D" type="CollisionShape3D" parent="MeshInstance3D/MeshInstance3D3/MeshInstance3D_calle6/StaticBody3D"]
shape = SubResource("ConvexPolygonShape3D_hus68")

[node name="MeshInstance3D_calle7" type="MeshInstance3D" parent="MeshInstance3D/MeshInstance3D3"]
transform = Transform3D(-0.00115185, -0.00387377, -0.778951, 1.45519e-11, 0.999992, -0.00301882, 0.0549428, -8.12118e-05, -0.0163303, -56.9154, 4.85114, 14.4757)
material_override = SubResource("StandardMaterial3D_lflqs")
mesh = SubResource("BoxMesh_kdqvu")
skeleton = NodePath("../MeshInstance3D_calle2")

[node name="StaticBody3D" type="StaticBody3D" parent="MeshInstance3D/MeshInstance3D3/MeshInstance3D_calle7"]

[node name="CollisionShape3D" type="CollisionShape3D" parent="MeshInstance3D/MeshInstance3D3/MeshInstance3D_calle7/StaticBody3D"]
shape = SubResource("ConvexPolygonShape3D_hus68")

[node name="MeshInstance3D_calle8" type="MeshInstance3D" parent="MeshInstance3D/MeshInstance3D3"]
transform = Transform3D(-0.000293741, -4.66903e-10, 0.778989, 4.80825e-09, -1, 0, 0.0549992, 8.74215e-08, 0.00416044, -56.9283, 3.52039, -89.023)
material_override = SubResource("StandardMaterial3D_lflqs")
mesh = SubResource("BoxMesh_kdqvu")
skeleton = NodePath("../MeshInstance3D_calle2")

[node name="StaticBody3D" type="StaticBody3D" parent="MeshInstance3D/MeshInstance3D3/MeshInstance3D_calle8"]

[node name="CollisionShape3D" type="CollisionShape3D" parent="MeshInstance3D/MeshInstance3D3/MeshInstance3D_calle8/StaticBody3D"]
shape = SubResource("ConvexPolygonShape3D_hus68")

[node name="MeshInstance3D_calle9" type="MeshInstance3D" parent="MeshInstance3D/MeshInstance3D3"]
transform = Transform3D(-0.000281839, 1.12691e-07, 0.773217, -4.74572e-09, 1, -8.74792e-08, -0.0549993, -8.68645e-08, -0.00396229, -52.0627, 4.15897, 125.657)
material_override = SubResource("StandardMaterial3D_lflqs")
mesh = SubResource("BoxMesh_kdqvu")
skeleton = NodePath("../MeshInstance3D_calle2")

[node name="StaticBody3D" type="StaticBody3D" parent="MeshInstance3D/MeshInstance3D3/MeshInstance3D_calle9"]

[node name="CollisionShape3D" type="CollisionShape3D" parent="MeshInstance3D/MeshInstance3D3/MeshInstance3D_calle9/StaticBody3D"]
transform = Transform3D(1, 1.13687e-13, -7.45058e-09, 4.44089e-16, 1, -4.82947e-15, 0, 2.66454e-15, 1, 0, 0, 0)
shape = SubResource("ConvexPolygonShape3D_hus68")

[node name="MeshInstance3D4" type="MeshInstance3D" parent="MeshInstance3D"]
transform = Transform3D(0.1, 0, 0, 0, 1, 0, 0, 0, 1.1, 32.2345, 122.615, -6.2782)
visible = false
mesh = SubResource("BoxMesh_kdqvu")
skeleton = NodePath("../MeshInstance3D3/MeshInstance3D_calle")

[node name="StaticBody3D" type="StaticBody3D" parent="MeshInstance3D/MeshInstance3D4"]
physics_material_override = SubResource("PhysicsMaterial_hlmbh")

[node name="CollisionShape3D" type="CollisionShape3D" parent="MeshInstance3D/MeshInstance3D4/StaticBody3D"]
transform = Transform3D(1, 0, 0, 0, 1, 0, 0, 0, 1, -4.41415, 5.54903, -3.22897)
shape = SubResource("BoxShape3D_0wfkj")

[node name="MenuPausa2" parent="." instance=ExtResource("8_icv2h")]

[node name="Textbox" parent="." instance=ExtResource("9_w7v0u")]
