[gd_scene load_steps=122 format=3 uid="uid://32ltoogyxcen"]

[ext_resource type="Script" path="res://Scripts/prototipo_carrovr.gd" id="1_c5a66"]
[ext_resource type="Texture2D" uid="uid://cidwtim2kexb7" path="res://Propts/material/godot-material-concrete-1.0.1/godot-material-concrete-1.0.1/materials/concrete_hd/concrete_height.png" id="4_wouxg"]
[ext_resource type="Texture2D" uid="uid://1veapuhn85gr" path="res://Propts/material/godot-material-concrete-1.0.1/godot-material-concrete-1.0.1/materials/concrete_hd/concrete_spec.png" id="5_he1jj"]
[ext_resource type="PackedScene" uid="uid://cesyr83a72be0" path="res://Propts/tuneles_tscn/road_tunnel.tscn" id="6_dnc7j"]
[ext_resource type="PackedScene" uid="uid://brq0hdkjc6cd6" path="res://Propts/tuneles_tscn/intersection_tunnel_left_signs.tscn" id="8_gonn6"]
[ext_resource type="PackedScene" uid="uid://cbgss41ecfbe6" path="res://Propts/tuneles_tscn/intersection_tunnel.tscn" id="8_stof4"]
[ext_resource type="PackedScene" uid="uid://ck4q1wa1quqwh" path="res://Propts/tuneles_tscn/right_road_tunnel.tscn" id="9_gstlk"]
[ext_resource type="PackedScene" uid="uid://dgme3n35q8xb8" path="res://Propts/tuneles_tscn/carretera_exterior.tscn" id="10_41grn"]
[ext_resource type="PackedScene" uid="uid://cndooa5so653o" path="res://Propts/tuneles_tscn/intersection_tunnel_no_signs.tscn" id="10_aivm2"]
[ext_resource type="PackedScene" uid="uid://ckmkfp3bcovp3" path="res://Propts/tuneles_tscn/carretera_interior.tscn" id="11_q4jyd"]
[ext_resource type="PackedScene" uid="uid://br7qi37duui18" path="res://Propts/tuneles_tscn/road_tunnel_up.tscn" id="12_clnqd"]
[ext_resource type="PackedScene" uid="uid://cwqsoy51a2yq" path="res://Propts/city/low_poly_city.tscn" id="12_ja1go"]
[ext_resource type="FontFile" uid="uid://bgj17gt6w4fma" path="res://UI/fonts/Connection.otf" id="14_xkn5i"]
[ext_resource type="PackedScene" uid="uid://c8obg1n1ud002" path="res://UI/menu_pausa_2.tscn" id="15_2eudo"]
[ext_resource type="PackedScene" uid="uid://mv5so6xntila" path="res://Propts/Player/player_car_vr.tscn" id="15_accdu"]
[ext_resource type="PackedScene" uid="uid://clujaf3u776a3" path="res://addons/godot-xr-tools/objects/viewport_2d_in_3d.tscn" id="16_5k12j"]
[ext_resource type="Animation" uid="uid://dgfeikrugfewi" path="res://addons/godot-xr-tools/hands/animations/left/Cup.res" id="16_ptw07"]
[ext_resource type="PackedScene" uid="uid://dnximw1ob6xqp" path="res://UI/textbox_instructions.tscn" id="17_k3q7s"]
[ext_resource type="Animation" uid="uid://dlxa6f6hwurka" path="res://addons/godot-xr-tools/hands/animations/left/Default pose.res" id="17_mdth5"]
[ext_resource type="Animation" uid="uid://plad1r85f7ws" path="res://addons/godot-xr-tools/hands/animations/left/Grip.res" id="18_k3gmn"]
[ext_resource type="Animation" uid="uid://dqa0h82y3qn1t" path="res://addons/godot-xr-tools/hands/animations/left/Grip 1.res" id="19_b0e2s"]
[ext_resource type="Animation" uid="uid://di384xtde8ydf" path="res://addons/godot-xr-tools/hands/animations/left/Grip 2.res" id="20_legt0"]
[ext_resource type="Animation" uid="uid://dd67rufxwj2u" path="res://addons/godot-xr-tools/hands/animations/left/Grip 3.res" id="21_e3n2u"]
[ext_resource type="Animation" uid="uid://db62hs5s4n2b3" path="res://addons/godot-xr-tools/hands/animations/left/Grip 4.res" id="22_ytfm1"]
[ext_resource type="Animation" uid="uid://bediglpx0rj7i" path="res://addons/godot-xr-tools/hands/animations/left/Grip 5.res" id="23_e6fbl"]
[ext_resource type="Animation" uid="uid://nq3xh1olqipq" path="res://addons/godot-xr-tools/hands/animations/left/Grip Shaft.res" id="24_wubl2"]
[ext_resource type="Animation" uid="uid://bi1l6lre2w2lp" path="res://addons/godot-xr-tools/hands/animations/left/Hold.res" id="25_s67r0"]
[ext_resource type="Animation" uid="uid://c3e6h0rv2uw2d" path="res://addons/godot-xr-tools/hands/animations/left/Horns.res" id="26_mspoa"]
[ext_resource type="Animation" uid="uid://dfekure1r6q13" path="res://addons/godot-xr-tools/hands/animations/left/Metal.res" id="27_ek0hy"]
[ext_resource type="Animation" uid="uid://b0rhk4r0r0t32" path="res://addons/godot-xr-tools/hands/animations/left/Middle.res" id="28_qxwhj"]
[ext_resource type="Animation" uid="uid://f5k0gh4qnmv5" path="res://addons/godot-xr-tools/hands/animations/left/OK.res" id="29_0qku4"]
[ext_resource type="Animation" uid="uid://1nlkfvitq7ku" path="res://addons/godot-xr-tools/hands/animations/left/Peace.res" id="30_ifppb"]
[ext_resource type="Animation" uid="uid://dhjb0e334tfwl" path="res://addons/godot-xr-tools/hands/animations/left/Pinch Flat.res" id="31_g0787"]
[ext_resource type="Animation" uid="uid://dkjsnihi81b7p" path="res://addons/godot-xr-tools/hands/animations/left/Pinch Large.res" id="32_qfads"]
[ext_resource type="Animation" uid="uid://bn0fdhe2jwq3h" path="res://addons/godot-xr-tools/hands/animations/left/Pinch Middle.res" id="33_i1dhu"]
[ext_resource type="Animation" uid="uid://bo1b8w0s4ci81" path="res://addons/godot-xr-tools/hands/animations/left/Pinch Ring.res" id="34_vqspf"]
[ext_resource type="Animation" uid="uid://m5x2m8x3tcel" path="res://addons/godot-xr-tools/hands/animations/left/Pinch Tight.res" id="35_y6flq"]
[ext_resource type="Animation" uid="uid://fi23m6i7orhw" path="res://addons/godot-xr-tools/hands/animations/left/Pinch Up.res" id="36_x7sc3"]
[ext_resource type="Animation" uid="uid://c8qmcuyaltdnw" path="res://addons/godot-xr-tools/hands/animations/left/PingPong.res" id="37_6bqeb"]
[ext_resource type="Animation" uid="uid://bqnoubqq7ogwu" path="res://addons/godot-xr-tools/hands/animations/left/Pinky.res" id="38_mk3tn"]
[ext_resource type="Animation" uid="uid://ddbo6ioa282en" path="res://addons/godot-xr-tools/hands/animations/left/Pistol.res" id="39_0to5b"]
[ext_resource type="Animation" uid="uid://brkptjihht3ae" path="res://addons/godot-xr-tools/hands/animations/left/Ring.res" id="40_rs3m2"]
[ext_resource type="Animation" uid="uid://cnng6xumhw7cx" path="res://addons/godot-xr-tools/hands/animations/left/Rounded.res" id="41_enrq5"]
[ext_resource type="Animation" uid="uid://cevirj0eagdrq" path="res://addons/godot-xr-tools/hands/animations/left/Sign 1.res" id="42_2wlu7"]
[ext_resource type="Animation" uid="uid://cc6phxovf1ban" path="res://addons/godot-xr-tools/hands/animations/left/Sign 2.res" id="43_ret2u"]
[ext_resource type="Animation" uid="uid://ohthjp8qbcc4" path="res://addons/godot-xr-tools/hands/animations/left/Sign 3.res" id="44_6u00m"]
[ext_resource type="Animation" uid="uid://dmx42g64577g5" path="res://addons/godot-xr-tools/hands/animations/left/Sign 4.res" id="45_vsm7g"]
[ext_resource type="Animation" uid="uid://dhsoxntrktx0p" path="res://addons/godot-xr-tools/hands/animations/left/Sign 5.res" id="46_wn60c"]
[ext_resource type="Animation" uid="uid://c0u2a3yc2vhg8" path="res://addons/godot-xr-tools/hands/animations/left/Sign_Point.res" id="47_hw3j8"]
[ext_resource type="Animation" uid="uid://4g211my0hoiw" path="res://addons/godot-xr-tools/hands/animations/left/Straight.res" id="48_8s4vm"]
[ext_resource type="Animation" uid="uid://d06l7hygl4qt3" path="res://addons/godot-xr-tools/hands/animations/left/Surfer.res" id="49_hp84y"]
[ext_resource type="Animation" uid="uid://bxei4oebd4hu3" path="res://addons/godot-xr-tools/hands/animations/left/Thumb.res" id="50_cb4na"]
[ext_resource type="Animation" uid="uid://do01jton6rk42" path="res://addons/godot-xr-tools/hands/animations/right/Cup.res" id="51_kskhl"]
[ext_resource type="Animation" uid="uid://ky28birj4su6" path="res://addons/godot-xr-tools/hands/animations/right/Default pose.res" id="52_vsoka"]
[ext_resource type="Animation" uid="uid://ccds2u22gbxn7" path="res://addons/godot-xr-tools/hands/animations/right/Grip.res" id="53_njxxa"]
[ext_resource type="Animation" uid="uid://daqddcrbpam0c" path="res://addons/godot-xr-tools/hands/animations/right/Grip 1.res" id="54_lfi7g"]
[ext_resource type="Animation" uid="uid://r8hleealhrqt" path="res://addons/godot-xr-tools/hands/animations/right/Grip 2.res" id="55_xb4x7"]
[ext_resource type="Animation" uid="uid://rs7vpclot07o" path="res://addons/godot-xr-tools/hands/animations/right/Grip 3.res" id="56_kuwqc"]
[ext_resource type="Animation" uid="uid://d1xnpyc08njjx" path="res://addons/godot-xr-tools/hands/animations/right/Grip 4.res" id="57_8bqnq"]
[ext_resource type="Animation" uid="uid://s1vqcxyqcvea" path="res://addons/godot-xr-tools/hands/animations/right/Grip 5.res" id="58_7bmt1"]
[ext_resource type="Animation" uid="uid://c8dghcftg1thx" path="res://addons/godot-xr-tools/hands/animations/right/Grip Shaft.res" id="59_qs0ib"]
[ext_resource type="Animation" uid="uid://bv5tuc1kjv0k5" path="res://addons/godot-xr-tools/hands/animations/right/Hold.res" id="60_lcjex"]
[ext_resource type="Animation" uid="uid://cdjfhqnr4n2mr" path="res://addons/godot-xr-tools/hands/animations/right/Horns.res" id="61_6faoh"]
[ext_resource type="Animation" uid="uid://b1kqsodcr1til" path="res://addons/godot-xr-tools/hands/animations/right/Metal.res" id="62_nscuo"]
[ext_resource type="Animation" uid="uid://cg6fsqb2iuuih" path="res://addons/godot-xr-tools/hands/animations/right/Middle.res" id="63_2jnd6"]
[ext_resource type="Animation" uid="uid://c3isimdlxg54a" path="res://addons/godot-xr-tools/hands/animations/right/OK.res" id="64_0ru1i"]
[ext_resource type="Animation" uid="uid://bxmc3vlfih764" path="res://addons/godot-xr-tools/hands/animations/right/Peace.res" id="65_q8pov"]
[ext_resource type="Animation" uid="uid://dg4v7rqiaje2h" path="res://addons/godot-xr-tools/hands/animations/right/Pinch Flat.res" id="66_v5ddq"]
[ext_resource type="Animation" uid="uid://cuwwpxi44vwpm" path="res://addons/godot-xr-tools/hands/animations/right/Pinch Large.res" id="67_7j82o"]
[ext_resource type="Animation" uid="uid://c6vghurk7t5yb" path="res://addons/godot-xr-tools/hands/animations/right/Pinch Middle.res" id="68_gsb3k"]
[ext_resource type="Animation" uid="uid://mjotm5uukoo3" path="res://addons/godot-xr-tools/hands/animations/right/Pinch Ring.res" id="69_jruck"]
[ext_resource type="Animation" uid="uid://ca21ej1p3g2yt" path="res://addons/godot-xr-tools/hands/animations/right/Pinch Tight.res" id="70_semc1"]
[ext_resource type="Animation" uid="uid://cseojxi8rrqc" path="res://addons/godot-xr-tools/hands/animations/right/Pinch Up.res" id="71_xj027"]
[ext_resource type="Animation" uid="uid://c8hn123uon74u" path="res://addons/godot-xr-tools/hands/animations/right/PingPong.res" id="72_hhy75"]
[ext_resource type="Animation" uid="uid://b6ra3rqia1gvb" path="res://addons/godot-xr-tools/hands/animations/right/Pinky.res" id="73_73aeu"]
[ext_resource type="Animation" uid="uid://csp3fdknowmi5" path="res://addons/godot-xr-tools/hands/animations/right/Pistol.res" id="74_x1vpw"]
[ext_resource type="Animation" uid="uid://2ttepgvf634h" path="res://addons/godot-xr-tools/hands/animations/right/Ring.res" id="75_y3w3j"]
[ext_resource type="Animation" uid="uid://wcwa3p1qrhwr" path="res://addons/godot-xr-tools/hands/animations/right/Rounded.res" id="76_og8q1"]
[ext_resource type="Animation" uid="uid://bcwx6a6mhsoj2" path="res://addons/godot-xr-tools/hands/animations/right/Sign 1.res" id="77_cbh6u"]
[ext_resource type="Animation" uid="uid://btnsp36fjkldf" path="res://addons/godot-xr-tools/hands/animations/right/Sign 2.res" id="78_h4drv"]
[ext_resource type="Animation" uid="uid://c35i6glt1ov2m" path="res://addons/godot-xr-tools/hands/animations/right/Sign 3.res" id="79_7cu16"]
[ext_resource type="Animation" uid="uid://b8mmk2ufmlyf" path="res://addons/godot-xr-tools/hands/animations/right/Sign 4.res" id="80_uiqvv"]
[ext_resource type="Animation" uid="uid://ddgl3lsnlfiny" path="res://addons/godot-xr-tools/hands/animations/right/Sign 5.res" id="81_s6353"]
[ext_resource type="Animation" uid="uid://ccy3e7a0hvxyl" path="res://addons/godot-xr-tools/hands/animations/right/Sign_Point.res" id="82_81jvj"]
[ext_resource type="Animation" uid="uid://d3h36bkauutoq" path="res://addons/godot-xr-tools/hands/animations/right/Straight.res" id="83_73w7d"]
[ext_resource type="Animation" uid="uid://bq7cjxdn28jcv" path="res://addons/godot-xr-tools/hands/animations/right/Surfer.res" id="84_vnlxm"]
[ext_resource type="Animation" uid="uid://d2ukhr3n2r1u8" path="res://addons/godot-xr-tools/hands/animations/right/Thumb.res" id="85_2yn8o"]

[sub_resource type="ProceduralSkyMaterial" id="ProceduralSkyMaterial_v6dpl"]
sky_horizon_color = Color(0.64625, 0.65575, 0.67075, 1)
ground_horizon_color = Color(0.64625, 0.65575, 0.67075, 1)

[sub_resource type="Sky" id="Sky_apfot"]
sky_material = SubResource("ProceduralSkyMaterial_v6dpl")

[sub_resource type="Environment" id="Environment_sg6oo"]
background_mode = 2
sky = SubResource("Sky_apfot")
tonemap_mode = 2
glow_enabled = true

[sub_resource type="StandardMaterial3D" id="StandardMaterial3D_lflqs"]
albedo_texture = ExtResource("4_wouxg")

[sub_resource type="StandardMaterial3D" id="StandardMaterial3D_rsbyb"]
albedo_texture = ExtResource("5_he1jj")

[sub_resource type="BoxMesh" id="BoxMesh_kdqvu"]
material = SubResource("StandardMaterial3D_rsbyb")
size = Vector3(800, 1, 800)

[sub_resource type="ConvexPolygonShape3D" id="ConvexPolygonShape3D_6ampq"]
points = PackedVector3Array(-400, -0.5, -400, -400, 0.5, -400, 400, -0.5, -400, -400, -0.5, 400, -400, 0.5, 400, 400, 0.5, -400, 400, -0.5, 400, 400, 0.5, 400)

[sub_resource type="ORMMaterial3D" id="ORMMaterial3D_v28yr"]
albedo_color = Color(0.0823529, 0.321569, 0.109804, 1)

[sub_resource type="BoxMesh" id="BoxMesh_t78iw"]
material = SubResource("ORMMaterial3D_v28yr")
size = Vector3(296, 1, 641)

[sub_resource type="ConvexPolygonShape3D" id="ConvexPolygonShape3D_mytkg"]
points = PackedVector3Array(147.971, 0.5, 320.5, 147.971, -0.5, 320.5, 147.971, 0.5, -320.5, -148, 0.5, 320.5, -148, -0.5, 320.5, 147.971, -0.5, -320.5, -148, 0.5, -320.5, -148, -0.5, -320.5)

[sub_resource type="BoxMesh" id="BoxMesh_sjytd"]
material = SubResource("ORMMaterial3D_v28yr")
size = Vector3(276, 1, 641)

[sub_resource type="ConvexPolygonShape3D" id="ConvexPolygonShape3D_qcb66"]
points = PackedVector3Array(138, 0.5, 320.5, 138, -0.5, 320.5, 138, 0.5, -320.5, -138, 0.5, 320.5, -138, -0.5, 320.5, 138, -0.5, -320.5, -138, 0.5, -320.5, -138, -0.5, -320.5)

[sub_resource type="ORMMaterial3D" id="ORMMaterial3D_7t3qv"]
albedo_color = Color(0.466667, 0.466667, 0.466667, 1)

[sub_resource type="BoxMesh" id="BoxMesh_maudt"]
material = SubResource("ORMMaterial3D_7t3qv")
size = Vector3(1, 2, 642)

[sub_resource type="BoxShape3D" id="BoxShape3D_c8smg"]
size = Vector3(1, 6, 642)

[sub_resource type="ORMMaterial3D" id="ORMMaterial3D_mjh1i"]
albedo_color = Color(0.466667, 0.466667, 0.466667, 1)

[sub_resource type="BoxMesh" id="BoxMesh_8jmh2"]
material = SubResource("ORMMaterial3D_mjh1i")
size = Vector3(9, 2, 1)

[sub_resource type="ConvexPolygonShape3D" id="ConvexPolygonShape3D_widgo"]
points = PackedVector3Array(4.5, 1, 0.5, 4.5, 1, -0.5, -4.5, 1, 0.5, 4.5, -1, 0.5, 4.5, -1, -0.5, -4.5, 1, -0.5, -4.5, -1, 0.5, -4.5, -1, -0.5)

[sub_resource type="GDScript" id="GDScript_nis38"]
script/source = "
extends CanvasLayer

const CHAR_READ_RATE = 0.05

@onready var textbox_container = $TextboxContainer
@onready var start_symbol = $TextboxContainer/MarginContainer/HBoxContainer/Start
@onready var end_symbol = $TextboxContainer/MarginContainer/HBoxContainer/End
@onready var label = $TextboxContainer/MarginContainer/HBoxContainer/Label

enum State{
	 READY,
	 READING,
	 FINISHED
}

var current_state = State.READY
var text_queue = []

#animacion letras
var current_text = \"\"
var current_char = 0
var char_timer = 0.0
var is_text_displayed = false 

func _ready():
	hide_textbox()
	print(\"Iniciando: State.READY\")

	
func queue_text(next_text):
	queue_text(\"Haz llegado a tu Destino! Ahora dirigete hacia ...\")
	queue_text(\"Continua yendo hacia ... \")
	queue_text(\"Textooooo treees\")
	text_queue.push_back(next_text)

func hide_textbox():
	start_symbol.text = \"\"
	end_symbol.text = \"\"
	label.text = \"\"
	textbox_container.hide()

func show_textbox():
	start_symbol.text = \"*\"
	textbox_container.show()

func display_text():
	var next_text = text_queue.pop_front()
	current_text = next_text
	change_state(State.READING)
	label.text = \"\"
	show_textbox()
	current_char = 0
	char_timer = 0.0
	is_text_displayed = false  # Reiniciar is_text_displayed cuando se agrega nuevo texto

func _process(delta):
	match current_state:
		State.READY:
			if !text_queue.is_empty():
				display_text()
		State.READING:
			if not is_text_displayed and current_char < current_text.length():
				char_timer += delta
				if char_timer > CHAR_READ_RATE:
					label.text += current_text[current_char]
					current_char += 1
					char_timer = 0.0
			else:
				# Detener el proceso cuando se haya mostrado todo el texto
				is_text_displayed = true  # Se ha mostrado todo el texto
				change_state(State.FINISHED)

		State.FINISHED:
			if Input.is_action_just_pressed(\"ui_accept\"): #Al finalizar presionar enter para quitar textbox
				change_state(State.READY)
				hide_textbox()
				


func change_state(next_state):
	current_state = next_state
	match current_state:
		State.READY:
			print(\"Cambiando estado a: State.READY\")
		State.READING:
			print(\"Cambiando estado a: State.READING\")
		State.FINISHED:
			print(\"Cambiando estado a: State.FINISHED\")
"

[sub_resource type="StyleBoxFlat" id="StyleBoxFlat_7as8l"]
bg_color = Color(0.172549, 0.172549, 0.172549, 1)
border_width_left = 5
border_width_top = 5
border_width_right = 5
border_width_bottom = 5
border_color = Color(1, 1, 1, 1)

[sub_resource type="AnimationLibrary" id="AnimationLibrary_kw48d"]
_data = {
"Cup": ExtResource("16_ptw07"),
"Default pose": ExtResource("17_mdth5"),
"Grip": ExtResource("18_k3gmn"),
"Grip 1": ExtResource("19_b0e2s"),
"Grip 2": ExtResource("20_legt0"),
"Grip 3": ExtResource("21_e3n2u"),
"Grip 4": ExtResource("22_ytfm1"),
"Grip 5": ExtResource("23_e6fbl"),
"Grip Shaft": ExtResource("24_wubl2"),
"Hold": ExtResource("25_s67r0"),
"Horns": ExtResource("26_mspoa"),
"Metal": ExtResource("27_ek0hy"),
"Middle": ExtResource("28_qxwhj"),
"OK": ExtResource("29_0qku4"),
"Peace": ExtResource("30_ifppb"),
"Pinch Flat": ExtResource("31_g0787"),
"Pinch Large": ExtResource("32_qfads"),
"Pinch Middle": ExtResource("33_i1dhu"),
"Pinch Ring": ExtResource("34_vqspf"),
"Pinch Tight": ExtResource("35_y6flq"),
"Pinch Up": ExtResource("36_x7sc3"),
"PingPong": ExtResource("37_6bqeb"),
"Pinky": ExtResource("38_mk3tn"),
"Pistol": ExtResource("39_0to5b"),
"Ring": ExtResource("40_rs3m2"),
"Rounded": ExtResource("41_enrq5"),
"Sign 1": ExtResource("42_2wlu7"),
"Sign 2": ExtResource("43_ret2u"),
"Sign 3": ExtResource("44_6u00m"),
"Sign 4": ExtResource("45_vsm7g"),
"Sign 5": ExtResource("46_wn60c"),
"Sign_Point": ExtResource("47_hw3j8"),
"Straight": ExtResource("48_8s4vm"),
"Surfer": ExtResource("49_hp84y"),
"Thumb": ExtResource("50_cb4na")
}

[sub_resource type="AnimationNodeAnimation" id="AnimationNodeAnimation_aohnm"]
animation = &"Grip"

[sub_resource type="AnimationNodeAnimation" id="AnimationNodeAnimation_2fm75"]
animation = &"Grip"

[sub_resource type="AnimationNodeBlend2" id="AnimationNodeBlend2_cmyhu"]
filter_enabled = true
filters = ["Armature/Skeleton3D:Little_Distal_L", "Armature/Skeleton3D:Little_Intermediate_L", "Armature/Skeleton3D:Little_Metacarpal_L", "Armature/Skeleton3D:Little_Proximal_L", "Armature/Skeleton3D:Middle_Distal_L", "Armature/Skeleton3D:Middle_Intermediate_L", "Armature/Skeleton3D:Middle_Metacarpal_L", "Armature/Skeleton3D:Middle_Proximal_L", "Armature/Skeleton3D:Ring_Distal_L", "Armature/Skeleton3D:Ring_Intermediate_L", "Armature/Skeleton3D:Ring_Metacarpal_L", "Armature/Skeleton3D:Ring_Proximal_L", "Armature/Skeleton3D:Thumb_Distal_L", "Armature/Skeleton3D:Thumb_Metacarpal_L", "Armature/Skeleton3D:Thumb_Proximal_L", "Armature/Skeleton:Little_Distal_L", "Armature/Skeleton:Little_Intermediate_L", "Armature/Skeleton:Little_Proximal_L", "Armature/Skeleton:Middle_Distal_L", "Armature/Skeleton:Middle_Intermediate_L", "Armature/Skeleton:Middle_Proximal_L", "Armature/Skeleton:Ring_Distal_L", "Armature/Skeleton:Ring_Intermediate_L", "Armature/Skeleton:Ring_Proximal_L", "Armature/Skeleton:Thumb_Distal_L", "Armature/Skeleton:Thumb_Proximal_L"]

[sub_resource type="AnimationNodeAnimation" id="AnimationNodeAnimation_qi7oi"]
animation = &"Grip 5"

[sub_resource type="AnimationNodeBlend2" id="AnimationNodeBlend2_5ks3j"]
filter_enabled = true
filters = ["Armature/Skeleton3D:Index_Distal_L", "Armature/Skeleton3D:Index_Intermediate_L", "Armature/Skeleton3D:Index_Metacarpal_L", "Armature/Skeleton3D:Index_Proximal_L", "Armature/Skeleton:Index_Distal_L", "Armature/Skeleton:Index_Intermediate_L", "Armature/Skeleton:Index_Proximal_L"]

[sub_resource type="AnimationNodeBlendTree" id="AnimationNodeBlendTree_po5k6"]
graph_offset = Vector2(-536, 11)
nodes/ClosedHand1/node = SubResource("AnimationNodeAnimation_aohnm")
nodes/ClosedHand1/position = Vector2(-600, 300)
nodes/ClosedHand2/node = SubResource("AnimationNodeAnimation_2fm75")
nodes/ClosedHand2/position = Vector2(-360, 300)
nodes/Grip/node = SubResource("AnimationNodeBlend2_cmyhu")
nodes/Grip/position = Vector2(0, 20)
nodes/OpenHand/node = SubResource("AnimationNodeAnimation_qi7oi")
nodes/OpenHand/position = Vector2(-600, 100)
nodes/Trigger/node = SubResource("AnimationNodeBlend2_5ks3j")
nodes/Trigger/position = Vector2(-360, 20)
node_connections = [&"Grip", 0, &"Trigger", &"Grip", 1, &"ClosedHand2", &"Trigger", 0, &"OpenHand", &"Trigger", 1, &"ClosedHand1", &"output", 0, &"Grip"]

[sub_resource type="AnimationLibrary" id="AnimationLibrary_reqae"]
_data = {
"Cup": ExtResource("51_kskhl"),
"Default pose": ExtResource("52_vsoka"),
"Grip": ExtResource("53_njxxa"),
"Grip 1": ExtResource("54_lfi7g"),
"Grip 2": ExtResource("55_xb4x7"),
"Grip 3": ExtResource("56_kuwqc"),
"Grip 4": ExtResource("57_8bqnq"),
"Grip 5": ExtResource("58_7bmt1"),
"Grip Shaft": ExtResource("59_qs0ib"),
"Hold": ExtResource("60_lcjex"),
"Horns": ExtResource("61_6faoh"),
"Metal": ExtResource("62_nscuo"),
"Middle": ExtResource("63_2jnd6"),
"OK": ExtResource("64_0ru1i"),
"Peace": ExtResource("65_q8pov"),
"Pinch Flat": ExtResource("66_v5ddq"),
"Pinch Large": ExtResource("67_7j82o"),
"Pinch Middle": ExtResource("68_gsb3k"),
"Pinch Ring": ExtResource("69_jruck"),
"Pinch Tight": ExtResource("70_semc1"),
"Pinch Up": ExtResource("71_xj027"),
"PingPong": ExtResource("72_hhy75"),
"Pinky": ExtResource("73_73aeu"),
"Pistol": ExtResource("74_x1vpw"),
"Ring": ExtResource("75_y3w3j"),
"Rounded": ExtResource("76_og8q1"),
"Sign 1": ExtResource("77_cbh6u"),
"Sign 2": ExtResource("78_h4drv"),
"Sign 3": ExtResource("79_7cu16"),
"Sign 4": ExtResource("80_uiqvv"),
"Sign 5": ExtResource("81_s6353"),
"Sign_Point": ExtResource("82_81jvj"),
"Straight": ExtResource("83_73w7d"),
"Surfer": ExtResource("84_vnlxm"),
"Thumb": ExtResource("85_2yn8o")
}

[sub_resource type="AnimationNodeAnimation" id="AnimationNodeAnimation_qoofg"]
animation = &"Grip"

[sub_resource type="AnimationNodeAnimation" id="AnimationNodeAnimation_c3hgw"]
animation = &"Grip"

[sub_resource type="AnimationNodeBlend2" id="AnimationNodeBlend2_1ta1l"]
filter_enabled = true
filters = ["Armature/Skeleton3D:Little_Distal_R", "Armature/Skeleton3D:Little_Intermediate_R", "Armature/Skeleton3D:Little_Metacarpal_R", "Armature/Skeleton3D:Little_Proximal_R", "Armature/Skeleton3D:Middle_Distal_R", "Armature/Skeleton3D:Middle_Intermediate_R", "Armature/Skeleton3D:Middle_Metacarpal_R", "Armature/Skeleton3D:Middle_Proximal_R", "Armature/Skeleton3D:Ring_Distal_R", "Armature/Skeleton3D:Ring_Intermediate_R", "Armature/Skeleton3D:Ring_Metacarpal_R", "Armature/Skeleton3D:Ring_Proximal_R", "Armature/Skeleton3D:Thumb_Distal_R", "Armature/Skeleton3D:Thumb_Metacarpal_R", "Armature/Skeleton3D:Thumb_Proximal_R", "Armature/Skeleton:Little_Distal_R", "Armature/Skeleton:Little_Intermediate_R", "Armature/Skeleton:Little_Proximal_R", "Armature/Skeleton:Middle_Distal_R", "Armature/Skeleton:Middle_Intermediate_R", "Armature/Skeleton:Middle_Proximal_R", "Armature/Skeleton:Ring_Distal_R", "Armature/Skeleton:Ring_Intermediate_R", "Armature/Skeleton:Ring_Proximal_R", "Armature/Skeleton:Thumb_Distal_R", "Armature/Skeleton:Thumb_Proximal_R"]

[sub_resource type="AnimationNodeAnimation" id="AnimationNodeAnimation_osqrf"]
animation = &"Grip 5"

[sub_resource type="AnimationNodeBlend2" id="AnimationNodeBlend2_biiqr"]
filter_enabled = true
filters = ["Armature/Skeleton3D:Index_Distal_R", "Armature/Skeleton3D:Index_Intermediate_R", "Armature/Skeleton3D:Index_Metacarpal_R", "Armature/Skeleton3D:Index_Proximal_R", "Armature/Skeleton:Index_Distal_R", "Armature/Skeleton:Index_Intermediate_R", "Armature/Skeleton:Index_Proximal_R"]

[sub_resource type="AnimationNodeBlendTree" id="AnimationNodeBlendTree_jvgon"]
graph_offset = Vector2(-552.664, 107.301)
nodes/ClosedHand1/node = SubResource("AnimationNodeAnimation_qoofg")
nodes/ClosedHand1/position = Vector2(-600, 300)
nodes/ClosedHand2/node = SubResource("AnimationNodeAnimation_c3hgw")
nodes/ClosedHand2/position = Vector2(-360, 300)
nodes/Grip/node = SubResource("AnimationNodeBlend2_1ta1l")
nodes/Grip/position = Vector2(0, 40)
nodes/OpenHand/node = SubResource("AnimationNodeAnimation_osqrf")
nodes/OpenHand/position = Vector2(-600, 100)
nodes/Trigger/node = SubResource("AnimationNodeBlend2_biiqr")
nodes/Trigger/position = Vector2(-360, 40)
node_connections = [&"Grip", 0, &"Trigger", &"Grip", 1, &"ClosedHand2", &"Trigger", 0, &"OpenHand", &"Trigger", 1, &"ClosedHand1", &"output", 0, &"Grip"]

[node name="prototipoCarro" type="Node3D"]
transform = Transform3D(1, 0, 0, 0, 1, 0, 0, 0, 1, 0.0151138, 0, 0.45536)
script = ExtResource("1_c5a66")

[node name="WorldEnvironment" type="WorldEnvironment" parent="."]
environment = SubResource("Environment_sg6oo")

[node name="DirectionalLight3D" type="DirectionalLight3D" parent="."]
transform = Transform3D(-0.866024, -0.433016, 0.250001, 0, 0.499998, 0.866026, -0.500003, 0.749999, -0.43301, 211.418, 205.735, -156.397)
shadow_enabled = true

[node name="Floor" type="MeshInstance3D" parent="."]
material_override = SubResource("StandardMaterial3D_lflqs")
mesh = SubResource("BoxMesh_kdqvu")

[node name="StaticBody3D" type="StaticBody3D" parent="Floor"]

[node name="CollisionShape3D" type="CollisionShape3D" parent="Floor/StaticBody3D"]
transform = Transform3D(1, 0, 0, 0, 1, 0, 0, 0, 1, 0, 0.5, 0)
shape = SubResource("ConvexPolygonShape3D_6ampq")

[node name="laberintoTuneles1" type="Node3D" parent="."]
transform = Transform3D(1, 0, 0, 0, 1, 0, 0, 0, 1, 8.032, 0.7, -5.92)

[node name="intersection_tunnel_señal1" parent="laberintoTuneles1" instance=ExtResource("8_stof4")]
transform = Transform3D(-4.37114e-08, 0, 1, 0, 1, 0, -1, 0, -4.37114e-08, 65, 0, -122)

[node name="intersection_tunnel_señal2" parent="laberintoTuneles1" instance=ExtResource("8_stof4")]
transform = Transform3D(0.707107, 0, 0.707107, 0, 1, 0, -0.707107, 0, 0.707107, 127.225, 0, -60.0438)

[node name="intersection_tunnel_señal3" parent="laberintoTuneles1" instance=ExtResource("8_stof4")]
transform = Transform3D(-0.707107, 0, 0.707107, 0, 1, 0, -0.707107, 0, -0.707107, 127.255, 0, -183.994)

[node name="intersection_tunnel_señal4" parent="laberintoTuneles1" instance=ExtResource("8_stof4")]
transform = Transform3D(-4.37114e-08, 0, 1, 0, 1, 0, -1, 0, -4.37114e-08, 234.5, 0, -207.953)

[node name="intersection_tunnel_señal5" parent="laberintoTuneles1" instance=ExtResource("8_stof4")]
transform = Transform3D(-0.707107, 0, -0.707107, 0, 1, 0, 0.707107, 0, -0.707107, 93.3564, 0, -265.664)

[node name="intersection_tunnel_señal6" parent="laberintoTuneles1" instance=ExtResource("8_gonn6")]
transform = Transform3D(0.707107, 0, 0.707107, 0, 1, 0, -0.707107, 0, 0.707107, 127.233, 0, -231.8)

[node name="road_tunnel" parent="laberintoTuneles1" instance=ExtResource("6_dnc7j")]
transform = Transform3D(1, 0, 0, 0, 1, 0, 0, 0, 1, 21, 0, -122)

[node name="road_tunnel6" parent="laberintoTuneles1" instance=ExtResource("6_dnc7j")]
transform = Transform3D(-0.393635, 0, -0.75471, 0, 1, 0, 0.452826, 0, -0.656059, 26.9722, 0, -210.792)

[node name="road_tunnel2" parent="laberintoTuneles1" instance=ExtResource("6_dnc7j")]
transform = Transform3D(0.707107, 0, -0.707107, 0, 1, 0, 0.707107, 0, 0.707107, 96.1421, 0, -91.1508)

[node name="road_tunnel3" parent="laberintoTuneles1" instance=ExtResource("6_dnc7j")]
transform = Transform3D(0.707107, 0, 0.707107, 0, 1, 0, -0.707107, 0, 0.707107, 96.1607, 0, -152.87)

[node name="right_road_tunnel" parent="laberintoTuneles1" instance=ExtResource("9_gstlk")]
transform = Transform3D(0.707107, 0, 0.707107, 0, 1, 0, -0.707107, 0, 0.707107, 58.3808, 0, -266.241)

[node name="right_road_tunnel2" parent="laberintoTuneles1" instance=ExtResource("9_gstlk")]
transform = Transform3D(1, 0, -5.96046e-08, 0, 1, 0, 5.96046e-08, 0, 1, 163.081, 0, -231.597)

[node name="right_road_tunnel3" parent="laberintoTuneles1" instance=ExtResource("9_gstlk")]
transform = Transform3D(-0.707107, 0, -0.707107, 0, 1, 0, 0.707107, 0, -0.707107, 162.281, 0, -183.855)

[node name="right_road_tunnel4" parent="laberintoTuneles1" instance=ExtResource("9_gstlk")]
transform = Transform3D(0.707107, 0, -0.707107, 0, 1, 0, 0.707107, 0, 0.707107, 260.062, 0, -182.755)

[node name="right_road_tunnel12" parent="laberintoTuneles1" instance=ExtResource("9_gstlk")]
transform = Transform3D(-0.707107, 0, 0.707107, 0, 1, 0, -0.707107, 0, -0.707107, 259.162, 0, -162.255)

[node name="intersection_tunnel_sin_señal1" parent="laberintoTuneles1" instance=ExtResource("10_aivm2")]
transform = Transform3D(-4.37114e-08, 0, -1, 0, 1, 0, 1, 0, -4.37114e-08, -22.9, 0, -122)

[node name="intersection_tunnel_sin_señal2" parent="laberintoTuneles1" instance=ExtResource("10_aivm2")]
transform = Transform3D(-0.707107, 0, 0.707107, 0, 1, 0, -0.707107, 0, -0.707107, -22.9645, 0, -194.901)

[node name="right_road_tunnel5" parent="laberintoTuneles1" instance=ExtResource("9_gstlk")]
transform = Transform3D(-0.707107, 0, 0.707107, 0, 1, 0, -0.707107, 0, -0.707107, -48.4074, 0, -147.203)

[node name="right_road_tunnel6" parent="laberintoTuneles1" instance=ExtResource("9_gstlk")]
transform = Transform3D(0, 0, 1, 0, 1, 0, -1, 0, 0, -48.0658, 0, -170.303)

[node name="right_road_tunnel7" parent="laberintoTuneles1" instance=ExtResource("9_gstlk")]
transform = Transform3D(0, 0, 1, 0, 1, 0, -1, 0, 0, 41.9342, 0, -250.287)

[node name="right_road_tunnel8" parent="laberintoTuneles1" instance=ExtResource("9_gstlk")]
transform = Transform3D(-0.707107, 0, -0.707107, 0, 1, 0, 0.707107, 0, -0.707107, 12.0342, 0, -194.787)

[node name="right_road_tunnel9" parent="laberintoTuneles1" instance=ExtResource("9_gstlk")]
transform = Transform3D(0, 0, -1, 0, 1, 0, 1, 0, 0, 41.9342, 0, -226.387)

[node name="right_road_tunnel10" parent="laberintoTuneles1" instance=ExtResource("9_gstlk")]
transform = Transform3D(-0.707107, 0, 0.707107, 0, 1, 0, -0.707107, 0, -0.707107, 127.085, 0, -24.987)

[node name="road_tunnel7" parent="laberintoTuneles1" instance=ExtResource("6_dnc7j")]
transform = Transform3D(-4.37114e-08, 0, -1, 0, 1, 0, 1, 0, -4.37114e-08, -22.7418, 0, -238.7)

[node name="road_tunnel9" parent="laberintoTuneles1" instance=ExtResource("12_clnqd")]
transform = Transform3D(-4.2222e-08, -1.13133e-08, -1, -0.173648, 0.984808, -3.8097e-09, 0.984808, 0.173648, -4.35451e-08, -22.7504, 3.1194, -275.628)

[node name="intersection_tunnel_sin_señal3" parent="laberintoTuneles1" instance=ExtResource("10_aivm2")]
transform = Transform3D(-4.37114e-08, 0, -1, 0, 1, 0, 1, 0, -4.37114e-08, 186.6, 0, -207.966)

[node name="road_tunnel8" parent="laberintoTuneles1" instance=ExtResource("6_dnc7j")]
transform = Transform3D(1, 0, 0, 0, 1, 0, 0, 0, 1, 171.1, 0, -59.8583)

[node name="intersection_tunnel_sin_señal4" parent="laberintoTuneles1" instance=ExtResource("10_aivm2")]
transform = Transform3D(0, 0, -1, 0, 1, 0, 1, 0, 0, 282.434, 0, -139.395)

[node name="right_road_tunnel11" parent="laberintoTuneles1" instance=ExtResource("9_gstlk")]
transform = Transform3D(-0.707107, 0, -0.707107, 0, 1, 0, 0.707107, 0, -0.707107, 202.2, 0, -59.5)

[node name="road_tunnel10" parent="laberintoTuneles1" instance=ExtResource("6_dnc7j")]
transform = Transform3D(0.707107, 0, 0.707107, 0, 1, 0, -0.707107, 0, 0.707107, 224.813, 0, -82.0638)

[node name="road_tunnel11" parent="laberintoTuneles1" instance=ExtResource("6_dnc7j")]
transform = Transform3D(0.707107, 0, 0.707107, 0, 1, 0, -0.707107, 0, 0.707107, 253.097, 0, -110.348)

[node name="right_road_tunnel13" parent="laberintoTuneles1" instance=ExtResource("9_gstlk")]
transform = Transform3D(0.707107, 0, -0.707107, 0, 1, 0, 0.707107, 0, 0.707107, 93.4808, 0, -300.741)

[node name="road_tunnel12" parent="laberintoTuneles1" instance=ExtResource("6_dnc7j")]
transform = Transform3D(-0.707107, 3.394e-08, 0.707107, -7.61095e-09, 1, -5.56094e-08, -0.707107, -4.47035e-08, -0.707107, 70.9373, 4.76837e-07, -323.32)

[node name="right_road_tunnel14" parent="laberintoTuneles1" instance=ExtResource("9_gstlk")]
transform = Transform3D(-4.47035e-08, 0, -1, 0, 1, 0, 1, 0, -4.47035e-08, 259.696, 0, -232.277)

[node name="road_tunnel13" parent="laberintoTuneles1" instance=ExtResource("6_dnc7j")]
transform = Transform3D(0, 5.56093e-08, 1, -7.61095e-09, 1, -5.56094e-08, -1, -7.61094e-09, -2.98023e-08, 259.722, 4.76837e-07, -264.184)

[node name="road_tunnel14" parent="laberintoTuneles1" instance=ExtResource("6_dnc7j")]
transform = Transform3D(-6.11959e-08, 5.56093e-08, 1, -1.06553e-08, 1, -5.56093e-08, -1.4, -7.61095e-09, -4.37114e-08, 259.722, 4.76837e-07, -312.084)

[node name="right_road_tunnel15" parent="laberintoTuneles1" instance=ExtResource("9_gstlk")]
transform = Transform3D(-0.707107, 0, -0.707107, 0, 1, 0, 0.707107, 0, -0.707107, 317.52, 0, -139.059)

[node name="road_tunnel15" parent="laberintoTuneles1" instance=ExtResource("6_dnc7j")]
transform = Transform3D(0.707107, 4.47035e-08, 0.707107, -7.61095e-09, 1, -5.56094e-08, -0.707107, 3.394e-08, 0.707107, 340.099, 4.76837e-07, -161.602)

[node name="laberintoTuneles2" type="Node3D" parent="."]
transform = Transform3D(-4.37114e-08, 0, 1, 0, 1, 0, -1, 0, -4.37114e-08, -15.3681, 0.7, 24.1804)

[node name="intersection_tunnel_señal1" parent="laberintoTuneles2" instance=ExtResource("8_stof4")]
transform = Transform3D(-4.37114e-08, 0, 1, 0, 1, 0, -1, 0, -4.37114e-08, 65, 0, -122)

[node name="intersection_tunnel_señal2" parent="laberintoTuneles2" instance=ExtResource("8_stof4")]
transform = Transform3D(0.707107, 0, 0.707107, 0, 1, 0, -0.707107, 0, 0.707107, 127.225, 0, -60.0438)

[node name="intersection_tunnel_señal3" parent="laberintoTuneles2" instance=ExtResource("8_stof4")]
transform = Transform3D(-0.707107, 0, 0.707107, 0, 1, 0, -0.707107, 0, -0.707107, 127.255, 0, -183.994)

[node name="intersection_tunnel_señal4" parent="laberintoTuneles2" instance=ExtResource("8_stof4")]
transform = Transform3D(-4.37114e-08, 0, 1, 0, 1, 0, -1, 0, -4.37114e-08, 234.5, 0, -207.953)

[node name="intersection_tunnel_señal5" parent="laberintoTuneles2" instance=ExtResource("8_stof4")]
transform = Transform3D(-0.707107, 0, -0.707107, 0, 1, 0, 0.707107, 0, -0.707107, 93.3564, 0, -265.664)

[node name="intersection_tunnel_señal6" parent="laberintoTuneles2" instance=ExtResource("8_gonn6")]
transform = Transform3D(0.707107, 0, 0.707107, 0, 1, 0, -0.707107, 0, 0.707107, 127.233, 0, -231.8)

[node name="road_tunnel" parent="laberintoTuneles2" instance=ExtResource("6_dnc7j")]
transform = Transform3D(1, 0, 0, 0, 1, 0, 0, 0, 1, 21, 0, -122)

[node name="road_tunnel7" parent="laberintoTuneles2" instance=ExtResource("6_dnc7j")]
transform = Transform3D(-0.707107, 0, -0.707107, 0, 1, 0, 0.707107, 0, -0.707107, 35.7786, 0, -243.67)

[node name="road_tunnel9" parent="laberintoTuneles2" instance=ExtResource("6_dnc7j")]
transform = Transform3D(-0.707107, 0, -0.707107, 0, 1, 0, 0.707107, 0, -0.707107, 7.56503, 0, -215.457)

[node name="road_tunnel12" parent="laberintoTuneles2" instance=ExtResource("6_dnc7j")]
transform = Transform3D(-0.31466, 0, -0.777146, 0, 1, 0, 0.388573, 0, -0.62932, -11.9299, 0, -194.472)

[node name="road_tunnel2" parent="laberintoTuneles2" instance=ExtResource("6_dnc7j")]
transform = Transform3D(0.707107, 0, -0.707107, 0, 1, 0, 0.707107, 0, 0.707107, 96.1421, 0, -91.1508)

[node name="road_tunnel3" parent="laberintoTuneles2" instance=ExtResource("6_dnc7j")]
transform = Transform3D(0.707107, 0, 0.707107, 0, 1, 0, -0.707107, 0, 0.707107, 96.1607, 0, -152.87)

[node name="right_road_tunnel" parent="laberintoTuneles2" instance=ExtResource("9_gstlk")]
transform = Transform3D(0.707107, 0, 0.707107, 0, 1, 0, -0.707107, 0, 0.707107, 58.3808, 0, -266.241)

[node name="right_road_tunnel2" parent="laberintoTuneles2" instance=ExtResource("9_gstlk")]
transform = Transform3D(1, 0, -5.96046e-08, 0, 1, 0, 5.96046e-08, 0, 1, 163.081, 0, -231.597)

[node name="right_road_tunnel3" parent="laberintoTuneles2" instance=ExtResource("9_gstlk")]
transform = Transform3D(-0.707107, 0, -0.707107, 0, 1, 0, 0.707107, 0, -0.707107, 162.281, 0, -183.855)

[node name="right_road_tunnel4" parent="laberintoTuneles2" instance=ExtResource("9_gstlk")]
transform = Transform3D(0.707107, 0, -0.707107, 0, 1, 0, 0.707107, 0, 0.707107, 260.062, 0, -182.755)

[node name="right_road_tunnel12" parent="laberintoTuneles2" instance=ExtResource("9_gstlk")]
transform = Transform3D(-0.707107, 0, 0.707107, 0, 1, 0, -0.707107, 0, -0.707107, 259.162, 0, -162.255)

[node name="intersection_tunnel_sin_señal1" parent="laberintoTuneles2" instance=ExtResource("10_aivm2")]
transform = Transform3D(-4.37114e-08, 0, -1, 0, 1, 0, 1, 0, -4.37114e-08, -22.9, 0, -122)

[node name="right_road_tunnel5" parent="laberintoTuneles2" instance=ExtResource("9_gstlk")]
transform = Transform3D(-0.707107, 0, 0.707107, 0, 1, 0, -0.707107, 0, -0.707107, -48.4074, 0, -147.203)

[node name="right_road_tunnel6" parent="laberintoTuneles2" instance=ExtResource("9_gstlk")]
transform = Transform3D(0, 0, 1, 0, 1, 0, -1, 0, 0, -48.0658, 0, -170.303)

[node name="right_road_tunnel13" parent="laberintoTuneles2" instance=ExtResource("9_gstlk")]
transform = Transform3D(0.707107, 0, 0.707107, 0, 1, 0, -0.707107, 0, 0.707107, -38.454, 0, -179.515)

[node name="right_road_tunnel8" parent="laberintoTuneles2" instance=ExtResource("9_gstlk")]
transform = Transform3D(-0.707107, 0, -0.707107, 0, 1, 0, 0.707107, 0, -0.707107, -26.0828, 0, -178.728)

[node name="right_road_tunnel10" parent="laberintoTuneles2" instance=ExtResource("9_gstlk")]
transform = Transform3D(-0.707107, 0, 0.707107, 0, 1, 0, -0.707107, 0, -0.707107, 127.085, 0, -24.987)

[node name="intersection_tunnel_sin_señal2" parent="laberintoTuneles2" instance=ExtResource("10_aivm2")]
transform = Transform3D(-4.37114e-08, 0, -1, 0, 1, 0, 1, 0, -4.37114e-08, 186.6, 0, -207.966)

[node name="road_tunnel8" parent="laberintoTuneles2" instance=ExtResource("6_dnc7j")]
transform = Transform3D(1, 0, 0, 0, 1, 0, 0, 0, 1, 171.1, 0, -59.8583)

[node name="intersection_tunnel_sin_señal3" parent="laberintoTuneles2" instance=ExtResource("10_aivm2")]
transform = Transform3D(0, 0, -1, 0, 1, 0, 1, 0, 0, 282.434, 0, -139.395)

[node name="right_road_tunnel11" parent="laberintoTuneles2" instance=ExtResource("9_gstlk")]
transform = Transform3D(-0.707107, 0, -0.707107, 0, 1, 0, 0.707107, 0, -0.707107, 202.2, 0, -59.5)

[node name="road_tunnel10" parent="laberintoTuneles2" instance=ExtResource("6_dnc7j")]
transform = Transform3D(0.707107, 0, 0.707107, 0, 1, 0, -0.707107, 0, 0.707107, 224.813, 0, -82.0638)

[node name="road_tunnel11" parent="laberintoTuneles2" instance=ExtResource("6_dnc7j")]
transform = Transform3D(0.707107, 0, 0.707107, 0, 1, 0, -0.707107, 0, 0.707107, 253.097, 0, -110.348)

[node name="right_road_tunnel14" parent="laberintoTuneles2" instance=ExtResource("9_gstlk")]
transform = Transform3D(0.707107, 0, -0.707107, 0, 1, 0, 0.707107, 0, 0.707107, 93.4808, 0, -300.741)

[node name="road_tunnel13" parent="laberintoTuneles2" instance=ExtResource("6_dnc7j")]
