[gd_scene load_steps=27 format=3 uid="uid://duqbv7jyl6a62"]

[ext_resource type="Texture2D" uid="uid://cidwtim2kexb7" path="res://Propts/material/godot-material-concrete-1.0.1/godot-material-concrete-1.0.1/materials/concrete_hd/concrete_height.png" id="2_f3hdi"]
[ext_resource type="Texture2D" uid="uid://1veapuhn85gr" path="res://Propts/material/godot-material-concrete-1.0.1/godot-material-concrete-1.0.1/materials/concrete_hd/concrete_spec.png" id="3_bmasu"]
[ext_resource type="PackedScene" uid="uid://cbgss41ecfbe6" path="res://Propts/tuneles_tscn/intersection_tunnel.tscn" id="4_0uiia"]
[ext_resource type="PackedScene" uid="uid://brq0hdkjc6cd6" path="res://Propts/tuneles_tscn/intersection_tunnel_left_signs.tscn" id="5_4oggl"]
[ext_resource type="PackedScene" uid="uid://cesyr83a72be0" path="res://Propts/tuneles_tscn/road_tunnel.tscn" id="6_4yh0u"]
[ext_resource type="PackedScene" uid="uid://ck4q1wa1quqwh" path="res://Propts/tuneles_tscn/right_road_tunnel.tscn" id="7_38dig"]
[ext_resource type="PackedScene" uid="uid://cndooa5so653o" path="res://Propts/tuneles_tscn/intersection_tunnel_no_signs.tscn" id="8_l3ei4"]
[ext_resource type="PackedScene" uid="uid://br7qi37duui18" path="res://Propts/tuneles_tscn/road_tunnel_up.tscn" id="9_bbgey"]
[ext_resource type="PackedScene" uid="uid://dgme3n35q8xb8" path="res://Propts/tuneles_tscn/carretera_exterior.tscn" id="10_dpydx"]
[ext_resource type="PackedScene" uid="uid://ckmkfp3bcovp3" path="res://Propts/tuneles_tscn/carretera_interior.tscn" id="11_c4bea"]
[ext_resource type="PackedScene" uid="uid://cwqsoy51a2yq" path="res://Propts/city/low_poly_city.tscn" id="12_b5b8t"]
[ext_resource type="FontFile" uid="uid://bgj17gt6w4fma" path="res://UI/fonts/Connection.otf" id="13_ndqgf"]
[ext_resource type="PackedScene" uid="uid://c8obg1n1ud002" path="res://UI/menu_pausa_2.tscn" id="14_bj6fi"]
[ext_resource type="PackedScene" uid="uid://bqlg6jujvhuq7" path="res://Propts/Player/player_car_normal.tscn" id="15_rjn01"]

[sub_resource type="ProceduralSkyMaterial" id="ProceduralSkyMaterial_v6dpl"]
sky_horizon_color = Color(0.64625, 0.65575, 0.67075, 1)
ground_horizon_color = Color(0.64625, 0.65575, 0.67075, 1)

[sub_resource type="Sky" id="Sky_apfot"]
sky_material = SubResource("ProceduralSkyMaterial_v6dpl")

[sub_resource type="Environment" id="Environment_sg6oo"]
background_mode = 2
sky = SubResource("Sky_apfot")
tonemap_mode = 2
glow_enabled = true

[sub_resource type="StandardMaterial3D" id="StandardMaterial3D_lflqs"]
albedo_color = Color(0, 0.305882, 0.631373, 1)

[sub_resource type="StandardMaterial3D" id="StandardMaterial3D_rsbyb"]
albedo_texture = ExtResource("3_bmasu")

[sub_resource type="BoxMesh" id="BoxMesh_kdqvu"]
material = SubResource("StandardMaterial3D_rsbyb")
size = Vector3(800, 1, 800)

[sub_resource type="ConvexPolygonShape3D" id="ConvexPolygonShape3D_6ampq"]
points = PackedVector3Array(-400, -0.5, -400, -400, 0.5, -400, 400, -0.5, -400, -400, -0.5, 400, -400, 0.5, 400, 400, 0.5, -400, 400, -0.5, 400, 400, 0.5, 400)

[sub_resource type="StandardMaterial3D" id="StandardMaterial3D_dgtmp"]
albedo_texture = ExtResource("2_f3hdi")

[sub_resource type="PlaneMesh" id="PlaneMesh_ae7bd"]
material = SubResource("StandardMaterial3D_dgtmp")

[sub_resource type="ConcavePolygonShape3D" id="ConcavePolygonShape3D_17w30"]
data = PackedVector3Array(1, 0, 1, -1, 0, 1, 1, 0, -1, -1, 0, 1, -1, 0, -1, 1, 0, -1)

[sub_resource type="GDScript" id="GDScript_nis38"]
script/source = "
extends CanvasLayer

const CHAR_READ_RATE = 0.05

@onready var textbox_container = $TextboxContainer
@onready var start_symbol = $TextboxContainer/MarginContainer/HBoxContainer/Start
@onready var end_symbol = $TextboxContainer/MarginContainer/HBoxContainer/End
@onready var label = $TextboxContainer/MarginContainer/HBoxContainer/Label

enum State{
	 READY,
	 READING,
	 FINISHED
}

var current_state = State.READY
var text_queue = []

#animacion letras
var current_text = \"\"
var current_char = 0
var char_timer = 0.0
var is_text_displayed = false 

func _ready():
	hide_textbox()
	print(\"Iniciando: State.READY\")

	
func queue_text(next_text):
	queue_text(\"Haz llegado a tu Destino! Ahora dirigete hacia ...\")
	queue_text(\"Continua yendo hacia ... \")
	queue_text(\"Textooooo treees\")
	text_queue.push_back(next_text)

func hide_textbox():
	start_symbol.text = \"\"
	end_symbol.text = \"\"
	label.text = \"\"
	textbox_container.hide()

func show_textbox():
	start_symbol.text = \"*\"
	textbox_container.show()

func display_text():
	var next_text = text_queue.pop_front()
	current_text = next_text
	change_state(State.READING)
	label.text = \"\"
	show_textbox()
	current_char = 0
	char_timer = 0.0
	is_text_displayed = false  # Reiniciar is_text_displayed cuando se agrega nuevo texto

func _process(delta):
	match current_state:
		State.READY:
			if !text_queue.is_empty():
				display_text()
		State.READING:
			if not is_text_displayed and current_char < current_text.length():
				char_timer += delta
				if char_timer > CHAR_READ_RATE:
					label.text += current_text[current_char]
					current_char += 1
					char_timer = 0.0
			else:
				# Detener el proceso cuando se haya mostrado todo el texto
				is_text_displayed = true  # Se ha mostrado todo el texto
				change_state(State.FINISHED)

		State.FINISHED:
			if Input.is_action_just_pressed(\"ui_accept\"): #Al finalizar presionar enter para quitar textbox
				change_state(State.READY)
				hide_textbox()
				


func change_state(next_state):
	current_state = next_state
	match current_state:
		State.READY:
			print(\"Cambiando estado a: State.READY\")
		State.READING:
			print(\"Cambiando estado a: State.READING\")
		State.FINISHED:
			print(\"Cambiando estado a: State.FINISHED\")
"

[sub_resource type="StyleBoxFlat" id="StyleBoxFlat_7as8l"]
bg_color = Color(0.172549, 0.172549, 0.172549, 1)
border_width_left = 5
border_width_top = 5
border_width_right = 5
border_width_bottom = 5
border_color = Color(1, 1, 1, 1)

[node name="prototipoCarro" type="Node3D"]
transform = Transform3D(1, 0, 0, 0, 1, 0, 0, 0, 1, 0.0151138, 0, 0.45536)

[node name="WorldEnvironment" type="WorldEnvironment" parent="."]
environment = SubResource("Environment_sg6oo")

[node name="DirectionalLight3D" type="DirectionalLight3D" parent="."]
transform = Transform3D(-0.866024, -0.433016, 0.250001, 0, 0.499998, 0.866026, -0.500003, 0.749999, -0.43301, 211.418, 205.735, -156.397)
shadow_enabled = true

[node name="Floor" type="MeshInstance3D" parent="."]
transform = Transform3D(1.63337, 0, 0, 0, 1, 0, 0, 0, 2.27209, 0, 0, 0)
material_override = SubResource("StandardMaterial3D_lflqs")
mesh = SubResource("BoxMesh_kdqvu")

[node name="StaticBody3D" type="StaticBody3D" parent="Floor"]

[node name="CollisionShape3D" type="CollisionShape3D" parent="Floor/StaticBody3D"]
transform = Transform3D(1, 0, 0, 0, 1, 0, 0, 0, 1, 0, 0.5, 0)
shape = SubResource("ConvexPolygonShape3D_6ampq")

[node name="laberintoTuneles1" type="Node3D" parent="."]
transform = Transform3D(-0.00459025, 0, -0.99999, 0, 1, 0, 0.99999, 0, -0.00459025, 85.2812, 0.7, -376.934)

[node name="intersection_tunnel_señal1" parent="laberintoTuneles1" instance=ExtResource("4_0uiia")]
transform = Transform3D(-4.37114e-08, 0, 1, 0, 1, 0, -1, 0, -4.37114e-08, 65, 0, -122)

[node name="intersection_tunnel_señal2" parent="laberintoTuneles1" instance=ExtResource("4_0uiia")]
transform = Transform3D(0.707107, 0, 0.707107, 0, 1, 0, -0.707107, 0, 0.707107, 127.225, 0, -60.0438)

[node name="intersection_tunnel_señal3" parent="laberintoTuneles1" instance=ExtResource("4_0uiia")]
transform = Transform3D(-0.707107, 0, 0.707107, 0, 1, 0, -0.707107, 0, -0.707107, 127.255, 0, -183.994)

[node name="intersection_tunnel_señal4" parent="laberintoTuneles1" instance=ExtResource("4_0uiia")]
transform = Transform3D(-4.37114e-08, 0, 1, 0, 1, 0, -1, 0, -4.37114e-08, 234.5, 0, -207.953)

[node name="intersection_tunnel_señal5" parent="laberintoTuneles1" instance=ExtResource("4_0uiia")]
transform = Transform3D(-0.707107, 0, -0.707107, 0, 1, 0, 0.707107, 0, -0.707107, 93.3564, 0, -265.664)

[node name="intersection_tunnel_señal6" parent="laberintoTuneles1" instance=ExtResource("5_4oggl")]
transform = Transform3D(0.707107, 0, 0.707107, 0, 1, 0, -0.707107, 0, 0.707107, 127.233, 0, -231.8)

[node name="road_tunnel6" parent="laberintoTuneles1" instance=ExtResource("6_4yh0u")]
transform = Transform3D(-0.393635, 0, -0.75471, 0, 1, 0, 0.452826, 0, -0.656059, 26.9722, 0, -210.792)

[node name="road_tunnel2" parent="laberintoTuneles1" instance=ExtResource("6_4yh0u")]
transform = Transform3D(0.707107, 0, -0.707107, 0, 1, 0, 0.707107, 0, 0.707107, 96.1421, 0, -91.1508)

[node name="road_tunnel3" parent="laberintoTuneles1" instance=ExtResource("6_4yh0u")]
transform = Transform3D(0.707107, 0, 0.707107, 0, 1, 0, -0.707107, 0, 0.707107, 96.1607, 0, -152.87)

[node name="right_road_tunnel" parent="laberintoTuneles1" instance=ExtResource("7_38dig")]
transform = Transform3D(0.707107, 0, 0.707107, 0, 1, 0, -0.707107, 0, 0.707107, 58.3808, 0, -266.241)

[node name="right_road_tunnel2" parent="laberintoTuneles1" instance=ExtResource("7_38dig")]
transform = Transform3D(1, 0, -5.96046e-08, 0, 1, 0, 5.96046e-08, 0, 1, 163.081, 0, -231.597)

[node name="right_road_tunnel3" parent="laberintoTuneles1" instance=ExtResource("7_38dig")]
transform = Transform3D(-0.707107, 0, -0.707107, 0, 1, 0, 0.707107, 0, -0.707107, 162.281, 0, -183.855)

[node name="right_road_tunnel4" parent="laberintoTuneles1" instance=ExtResource("7_38dig")]
transform = Transform3D(0.707107, 0, -0.707107, 0, 1, 0, 0.707107, 0, 0.707107, 260.062, 0, -182.755)

[node name="right_road_tunnel12" parent="laberintoTuneles1" instance=ExtResource("7_38dig")]
transform = Transform3D(-0.707107, 0, 0.707107, 0, 1, 0, -0.707107, 0, -0.707107, 259.162, 0, -162.255)

[node name="intersection_tunnel_sin_señal2" parent="laberintoTuneles1" instance=ExtResource("8_l3ei4")]
transform = Transform3D(-0.707107, 0, 0.707107, 0, 1, 0, -0.707107, 0, -0.707107, -22.9645, 0, -194.901)

[node name="right_road_tunnel5" parent="laberintoTuneles1" instance=ExtResource("7_38dig")]
transform = Transform3D(0.0502095, 0, -0.998738, 0, 1, 0, 0.998738, 0, 0.0502095, -59.4298, 0, -85.1342)

[node name="right_road_tunnel6" parent="laberintoTuneles1" instance=ExtResource("7_38dig")]
transform = Transform3D(0.00839493, 0, 0.999964, 0, 1, 0, -0.999964, 0, 0.00839493, -62.412, 0, -157.834)

[node name="right_road_tunnel7" parent="laberintoTuneles1" instance=ExtResource("7_38dig")]
transform = Transform3D(0, 0, 1, 0, 1, 0, -1, 0, 0, 41.9342, 0, -250.287)

[node name="right_road_tunnel8" parent="laberintoTuneles1" instance=ExtResource("7_38dig")]
transform = Transform3D(-0.707107, 0, -0.707107, 0, 1, 0, 0.707107, 0, -0.707107, 12.0342, 0, -194.787)

[node name="right_road_tunnel9" parent="laberintoTuneles1" instance=ExtResource("7_38dig")]
transform = Transform3D(0, 0, -1, 0, 1, 0, 1, 0, 0, 41.9342, 0, -226.387)

[node name="road_tunnel7" parent="laberintoTuneles1" instance=ExtResource("6_4yh0u")]
transform = Transform3D(-4.37114e-08, 0, -1, 0, 1, 0, 1, 0, -4.37114e-08, -22.7418, 0, -238.7)

[node name="intersection_tunnel_sin_señal3" parent="laberintoTuneles1" instance=ExtResource("8_l3ei4")]
transform = Transform3D(-4.37114e-08, 0, -1, 0, 1, 0, 1, 0, -4.37114e-08, 186.6, 0, -207.966)

[node name="intersection_tunnel_sin_señal4" parent="laberintoTuneles1" instance=ExtResource("8_l3ei4")]
transform = Transform3D(0, 0, -1, 0, 1, 0, 1, 0, 0, 282.434, 0, -139.395)

[node name="right_road_tunnel11" parent="laberintoTuneles1" instance=ExtResource("7_38dig")]
transform = Transform3D(0.999947, 0, 0.0102797, 0, 1, 0, -0.0102797, 0, 0.999947, 162.99, 0, -59.7331)

[node name="right_road_tunnel13" parent="laberintoTuneles1" instance=ExtResource("7_38dig")]
transform = Transform3D(0.707107, 0, -0.707107, 0, 1, 0, 0.707107, 0, 0.707107, 93.4808, 0, -300.741)

[node name="road_tunnel12" parent="laberintoTuneles1" instance=ExtResource("6_4yh0u")]
transform = Transform3D(-0.707107, 3.394e-08, 0.707107, -7.61095e-09, 1, -5.56094e-08, -0.707107, -4.47035e-08, -0.707107, 70.9373, 4.76837e-07, -323.32)

[node name="right_road_tunnel14" parent="laberintoTuneles1" instance=ExtResource("7_38dig")]
transform = Transform3D(-4.47035e-08, 0, -1, 0, 1, 0, 1, 0, -4.47035e-08, 259.696, 0, -232.277)

[node name="road_tunnel13" parent="laberintoTuneles1" instance=ExtResource("6_4yh0u")]
transform = Transform3D(0, 5.56093e-08, 1, -7.61095e-09, 1, -5.56094e-08, -1, -7.61094e-09, -2.98023e-08, 259.722, 4.76837e-07, -264.184)

[node name="road_tunnel14" parent="laberintoTuneles1" instance=ExtResource("6_4yh0u")]
transform = Transform3D(-6.11959e-08, 5.56093e-08, 1, -1.06553e-08, 1, -5.56093e-08, -1.4, -7.61095e-09, -4.37114e-08, 259.722, 4.76837e-07, -312.084)

[node name="right_road_tunnel15" parent="laberintoTuneles1" instance=ExtResource("7_38dig")]
transform = Transform3D(-0.707107, 0, -0.707107, 0, 1, 0, 0.707107, 0, -0.707107, 317.52, 0, -139.059)

[node name="road_tunnel15" parent="laberintoTuneles1" instance=ExtResource("6_4yh0u")]
transform = Transform3D(0.707107, 4.47035e-08, 0.707107, -7.61095e-09, 1, -5.56094e-08, -0.707107, 3.394e-08, 0.707107, 340.099, 4.76837e-07, -161.602)

[node name="road_tunnel4" parent="laberintoTuneles1" instance=ExtResource("6_4yh0u")]
transform = Transform3D(-0.0178712, 0, 0.99984, 0, 1, 0, -0.99984, 0, -0.0178712, 127.785, 0, -16.3432)

[node name="road_tunnel5" parent="laberintoTuneles1" instance=ExtResource("6_4yh0u")]
transform = Transform3D(-0.0174524, 0, 0.999848, 0, 1, 0, -0.999848, 0, -0.0174524, 128.52, 0, 23.0096)

[node name="road_tunnel16" parent="laberintoTuneles1" instance=ExtResource("6_4yh0u")]
transform = Transform3D(-6.47269e-08, 5.56093e-08, 1, -1.06553e-08, 1, -5.56093e-08, -1.4, -7.61095e-09, -4.47035e-08, 259.763, 4.76837e-07, -367.737)

[node name="right_road_tunnel10" parent="laberintoTuneles1" instance=ExtResource("7_38dig")]
transform = Transform3D(-0.00635292, 0, 0.999979, 0, 1, 0, -0.999979, 0, -0.00635292, 259.664, 0, -407.192)

[node name="road_tunnel17" parent="laberintoTuneles1" instance=ExtResource("6_4yh0u")]
transform = Transform3D(-0.0630268, 0, 1.01315, 0, 1, 0, -1.37, 0, -0.0466098, -61.1363, 3.8147e-06, -119.681)

[node name="right_road_tunnel16" parent="laberintoTuneles1" instance=ExtResource("7_38dig")]
transform = Transform3D(-0.694997, 0, -0.719012, 0, 1, 0, 0.719012, 0, -0.694997, -75.105, 0, -68.883)

[node name="road_tunnel18" parent="laberintoTuneles1" instance=ExtResource("6_4yh0u")]
transform = Transform3D(0.587551, 0, -0.0139872, 0, 1, 0, 0.00815307, 0, 1.00799, -93.7791, 0, -69.1795)

[node name="camino_exterior" parent="laberintoTuneles1" instance=ExtResource("11_c4bea")]
transform = Transform3D(0.677898, 0, 4.07454e-10, 0, 1, 0, -2.56114e-09, 0, 0.104391, -22.804, 0, -289.754)

[node name="camino_exterior2" parent="laberintoTuneles1" instance=ExtResource("11_c4bea")]
transform = Transform3D(0.481716, 0, 0.0734489, 0, 1, 0, -0.476964, 0, 0.0741806, 60.8065, 0, -333.254)

[node name="right_road_tunnel17" parent="laberintoTuneles1" instance=ExtResource("7_38dig")]
transform = Transform3D(0.714632, 0, -0.699502, 0, 1, 0, 0.699502, 0, 0.714632, 177.567, 0, -45.0455)

[node name="camino_exterior3" parent="laberintoTuneles1" instance=ExtResource("11_c4bea")]
transform = Transform3D(0.784917, 0, 8.73115e-11, 0, 1, 0, -6.28643e-09, 0, 0.0234626, 177.265, 0, -28.0491)

[node name="right_road_tunnel18" parent="laberintoTuneles1" instance=ExtResource("7_38dig")]
transform = Transform3D(-0.02267, 0, 0.999743, 0, 1, 0, -0.999743, 0, -0.02267, 257.425, 7.62939e-06, -114.914)

[node name="camino_exterior4" parent="laberintoTuneles1" instance=ExtResource("11_c4bea")]
transform = Transform3D(0.799284, 0, 8.14907e-10, 0, 1, 0, -7.91624e-09, 0, 0.13244, 256.197, 0, -63.2705)

[node name="road_tunnel8" parent="laberintoTuneles1" instance=ExtResource("6_4yh0u")]
transform = Transform3D(-0.73976, 0, -0.67287, 0, 1, 0, 0.67287, 0, -0.73976, -44.105, 0, -174.469)

[node name="road_tunnel19" parent="laberintoTuneles1" instance=ExtResource("9_bbgey")]
transform = Transform3D(0.993154, 0.11262, -0.0310238, -0.112644, 0.993635, 0.000983035, 0.030937, 0.00251834, 0.999519, -16.2535, 6.00872, -124.066)

[node name="road_tunnel20" parent="laberintoTuneles1" instance=ExtResource("6_4yh0u")]
transform = Transform3D(0.994987, 0.0926277, -0.0376816, -0.0925305, 0.9957, 0.00431669, 0.0379194, -0.000808355, 0.999279, 22.8634, 1.94766, -122.695)

[node name="laberintoTuneles2" type="Node3D" parent="."]
transform = Transform3D(0.00148363, 0, -0.999999, 0, 1, 0, 0.999999, 0, 0.00148363, -297.507, 0.7, -507.559)

[node name="intersection_tunnel_señal1" parent="laberintoTuneles2" instance=ExtResource("4_0uiia")]
transform = Transform3D(-4.37114e-08, 0, 1, 0, 1, 0, -1, 0, -4.37114e-08, 65, 0, -122)

[node name="intersection_tunnel_señal2" parent="laberintoTuneles2" instance=ExtResource("4_0uiia")]
transform = Transform3D(0.707107, 0, 0.707107, 0, 1, 0, -0.707107, 0, 0.707107, 127.225, 0, -60.0438)

[node name="intersection_tunnel_señal3" parent="laberintoTuneles2" instance=ExtResource("4_0uiia")]
transform = Transform3D(-0.707107, 0, 0.707107, 0, 1, 0, -0.707107, 0, -0.707107, 127.255, 0, -183.994)

[node name="intersection_tunnel_señal4" parent="laberintoTuneles2" instance=ExtResource("4_0uiia")]
transform = Transform3D(-4.37114e-08, 0, 1, 0, 1, 0, -1, 0, -4.37114e-08, 234.5, 0, -207.953)

[node name="intersection_tunnel_señal5" parent="laberintoTuneles2" instance=ExtResource("4_0uiia")]
transform = Transform3D(-0.707107, 0, -0.707107, 0, 1, 0, 0.707107, 0, -0.707107, 93.3564, 0, -265.664)

[node name="intersection_tunnel_señal6" parent="laberintoTuneles2" instance=ExtResource("5_4oggl")]
transform = Transform3D(0.707107, 0, 0.707107, 0, 1, 0, -0.707107, 0, 0.707107, 127.233, 0, -231.8)

[node name="road_tunnel" parent="laberintoTuneles2" instance=ExtResource("6_4yh0u")]
transform = Transform3D(1, 0, 0, 0, 1, 0, 0, 0, 1, 21, 0, -122)

[node name="road_tunnel7" parent="laberintoTuneles2" instance=ExtResource("6_4yh0u")]
transform = Transform3D(-0.707107, 0, -0.707107, 0, 1, 0, 0.707107, 0, -0.707107, 35.7786, 0, -243.67)

[node name="road_tunnel9" parent="laberintoTuneles2" instance=ExtResource("6_4yh0u")]
transform = Transform3D(-0.707107, 0, -0.707107, 0, 1, 0, 0.707107, 0, -0.707107, 7.56503, 0, -215.457)

[node name="road_tunnel12" parent="laberintoTuneles2" instance=ExtResource("6_4yh0u")]
transform = Transform3D(-0.31466, 0, -0.777146, 0, 1, 0, 0.388573, 0, -0.62932, -11.9299, 0, -194.472)

[node name="road_tunnel2" parent="laberintoTuneles2" instance=ExtResource("6_4yh0u")]
transform = Transform3D(0.707107, 0, -0.707107, 0, 1, 0, 0.707107, 0, 0.707107, 96.1421, 0, -91.1508)

[node name="road_tunnel3" parent="laberintoTuneles2" instance=ExtResource("6_4yh0u")]
transform = Transform3D(0.707107, 0, 0.707107, 0, 1, 0, -0.707107, 0, 0.707107, 96.1607, 0, -152.87)

[node name="right_road_tunnel" parent="laberintoTuneles2" instance=ExtResource("7_38dig")]
transform = Transform3D(0.707107, 0, 0.707107, 0, 1, 0, -0.707107, 0, 0.707107, 58.3808, 0, -266.241)

[node name="right_road_tunnel2" parent="laberintoTuneles2" instance=ExtResource("7_38dig")]
transform = Transform3D(1, 0, -5.96046e-08, 0, 1, 0, 5.96046e-08, 0, 1, 163.081, 0, -231.597)

[node name="right_road_tunnel3" parent="laberintoTuneles2" instance=ExtResource("7_38dig")]
transform = Transform3D(-0.707107, 0, -0.707107, 0, 1, 0, 0.707107, 0, -0.707107, 162.281, 0, -183.855)

[node name="right_road_tunnel4" parent="laberintoTuneles2" instance=ExtResource("7_38dig")]
transform = Transform3D(0.707107, 0, -0.707107, 0, 1, 0, 0.707107, 0, 0.707107, 260.062, 0, -182.755)

[node name="right_road_tunnel12" parent="laberintoTuneles2" instance=ExtResource("7_38dig")]
transform = Transform3D(-0.707107, 0, 0.707107, 0, 1, 0, -0.707107, 0, -0.707107, 259.162, 0, -162.255)

[node name="intersection_tunnel_sin_señal1" parent="laberintoTuneles2" instance=ExtResource("8_l3ei4")]
transform = Transform3D(-4.37114e-08, 0, -1, 0, 1, 0, 1, 0, -4.37114e-08, -22.9, 0, -122)

[node name="right_road_tunnel5" parent="laberintoTuneles2" instance=ExtResource("7_38dig")]
transform = Transform3D(-0.707107, 0, 0.707107, 0, 1, 0, -0.707107, 0, -0.707107, -48.4074, 0, -147.203)

[node name="right_road_tunnel6" parent="laberintoTuneles2" instance=ExtResource("7_38dig")]
transform = Transform3D(0, 0, 1, 0, 1, 0, -1, 0, 0, -48.0658, 0, -170.303)

[node name="right_road_tunnel13" parent="laberintoTuneles2" instance=ExtResource("7_38dig")]
transform = Transform3D(0.707107, 0, 0.707107, 0, 1, 0, -0.707107, 0, 0.707107, -38.454, 0, -179.515)

[node name="right_road_tunnel8" parent="laberintoTuneles2" instance=ExtResource("7_38dig")]
transform = Transform3D(-0.707107, 0, -0.707107, 0, 1, 0, 0.707107, 0, -0.707107, -26.0828, 0, -178.728)

[node name="right_road_tunnel10" parent="laberintoTuneles2" instance=ExtResource("7_38dig")]
transform = Transform3D(-0.707107, 0, 0.707107, 0, 1, 0, -0.707107, 0, -0.707107, 127.085, 0, -24.987)

[node name="intersection_tunnel_sin_señal2" parent="laberintoTuneles2" instance=ExtResource("8_l3ei4")]
transform = Transform3D(-4.37114e-08, 0, -1, 0, 1, 0, 1, 0, -4.37114e-08, 186.6, 0, -207.966)

[node name="road_tunnel8" parent="laberintoTuneles2" instance=ExtResource("6_4yh0u")]
transform = Transform3D(1, 0, 0, 0, 1, 0, 0, 0, 1, 171.1, 0, -59.8583)

[node name="intersection_tunnel_sin_señal3" parent="laberintoTuneles2" instance=ExtResource("8_l3ei4")]
transform = Transform3D(0, 0, -1, 0, 1, 0, 1, 0, 0, 282.434, 0, -139.395)

[node name="right_road_tunnel11" parent="laberintoTuneles2" instance=ExtResource("7_38dig")]
transform = Transform3D(-0.707107, 0, -0.707107, 0, 1, 0, 0.707107, 0, -0.707107, 202.2, 0, -59.5)

[node name="road_tunnel10" parent="laberintoTuneles2" instance=ExtResource("6_4yh0u")]
transform = Transform3D(0.707107, 0, 0.707107, 0, 1, 0, -0.707107, 0, 0.707107, 224.813, 0, -82.0638)

[node name="road_tunnel11" parent="laberintoTuneles2" instance=ExtResource("6_4yh0u")]
transform = Transform3D(0.707107, 0, 0.707107, 0, 1, 0, -0.707107, 0, 0.707107, 253.097, 0, -110.348)

[node name="right_road_tunnel14" parent="laberintoTuneles2" instance=ExtResource("7_38dig")]
transform = Transform3D(0.707107, 0, -0.707107, 0, 1, 0, 0.707107, 0, 0.707107, 93.4808, 0, -300.741)

[node name="road_tunnel13" parent="laberintoTuneles2" instance=ExtResource("6_4yh0u")]
transform = Transform3D(-0.707107, 3.394e-08, 0.707107, -7.61095e-09, 1, -5.56094e-08, -0.707107, -4.47035e-08, -0.707107, 70.9373, 4.76837e-07, -323.32)

[node name="right_road_tunnel15" parent="laberintoTuneles2" instance=ExtResource("7_38dig")]
transform = Transform3D(-4.47035e-08, 0, -1, 0, 1, 0, 1, 0, -4.47035e-08, 259.696, 0, -232.277)

[node name="road_tunnel14" parent="laberintoTuneles2" instance=ExtResource("6_4yh0u")]
transform = Transform3D(0, 5.56093e-08, 1, -7.61095e-09, 1, -5.56094e-08, -1, -7.61094e-09, -2.98023e-08, 259.722, 4.76837e-07, -264.184)

[node name="road_tunnel15" parent="laberintoTuneles2" instance=ExtResource("6_4yh0u")]
transform = Transform3D(-6.11959e-08, 5.56093e-08, 1, -1.06553e-08, 1, -5.56093e-08, -1.4, -7.61095e-09, -4.37114e-08, 259.722, 4.76837e-07, -312.084)

[node name="right_road_tunnel16" parent="laberintoTuneles2" instance=ExtResource("7_38dig")]
transform = Transform3D(-0.707107, 0, -0.707107, 0, 1, 0, 0.707107, 0, -0.707107, 317.52, 0, -139.059)

[node name="road_tunnel16" parent="laberintoTuneles2" instance=ExtResource("6_4yh0u")]
transform = Transform3D(0.707107, 4.47035e-08, 0.707107, -7.61095e-09, 1, -5.56094e-08, -0.707107, 3.394e-08, 0.707107, 340.099, 4.76837e-07, -161.602)

[node name="road_tunnel4" parent="laberintoTuneles2" instance=ExtResource("6_4yh0u")]
transform = Transform3D(0.719073, 0, 0.694934, 0, 1, 0, -0.694934, 0, 0.719073, 366.745, 0, -187.581)

[node name="right_road_tunnel17" parent="laberintoTuneles2" instance=ExtResource("7_38dig")]
transform = Transform3D(0.707884, 0, 0.706329, 0, 1, 0, -0.706329, 0, 0.707884, 386.967, 0, -207.262)

[node name="right_road_tunnel18" parent="laberintoTuneles2" instance=ExtResource("7_38dig")]
transform = Transform3D(-0.742808, 0, -0.669507, 0, 1, 0, 0.669507, 0, -0.742808, 401.839, 0, -206.341)

[node name="road_tunnel5" parent="laberintoTuneles2" instance=ExtResource("6_4yh0u")]
transform = Transform3D(0.707107, 0, -0.707107, 0, 1, 0, 0.707107, 0, 0.707107, 149.572, 0, -2.82895)

[node name="road_tunnel6" parent="laberintoTuneles2" instance=ExtResource("6_4yh0u")]
transform = Transform3D(0.70513, 0, 0.709081, 0, 1, 0, -0.709081, 0, 0.70513, -47.6646, 0, -97.6363)

[node name="road_tunnel17" parent="laberintoTuneles2" instance=ExtResource("6_4yh0u")]
transform = Transform3D(-0.707107, 3.394e-08, 0.707107, -7.61095e-09, 1, -5.56094e-08, -0.707107, -4.47035e-08, -0.707107, 42.6505, 4.76837e-07, -351.606)

[node name="laberintoTuneles3" type="Node3D" parent="."]
transform = Transform3D(0.00872658, 0, 0.999962, 0, 1, 0, -0.999962, 0, 0.00872658, 118.329, 0.7, 267.169)

[node name="intersection_tunnel_señal1" parent="laberintoTuneles3" instance=ExtResource("4_0uiia")]
transform = Transform3D(-4.37722e-08, 0, 1, 0, 1, 0, -1, 0, -4.37722e-08, 65.711, 0, -122.8)

[node name="intersection_tunnel_señal2" parent="laberintoTuneles3" instance=ExtResource("4_0uiia")]
transform = Transform3D(0.707106, 0, 0.707106, 0, 1, 0, -0.707106, 0, 0.707106, 127.936, 0, -60.844)

[node name="intersection_tunnel_señal3" parent="laberintoTuneles3" instance=ExtResource("4_0uiia")]
transform = Transform3D(-0.707106, 0, 0.707106, 0, 1, 0, -0.707106, 0, -0.707106, 127.966, 0, -184.794)

[node name="intersection_tunnel_señal4" parent="laberintoTuneles3" instance=ExtResource("4_0uiia")]
transform = Transform3D(-4.37722e-08, 0, 1, 0, 1, 0, -1, 0, -4.37722e-08, 235.211, 0, -208.753)

[node name="intersection_tunnel_señal5" parent="laberintoTuneles3" instance=ExtResource("4_0uiia")]
transform = Transform3D(-0.707106, 0, -0.707106, 0, 1, 0, 0.707106, 0, -0.707106, 94.0673, 0, -266.464)

[node name="intersection_tunnel_señal6" parent="laberintoTuneles3" instance=ExtResource("5_4oggl")]
transform = Transform3D(0.707106, 0, 0.707106, 0, 1, 0, -0.707106, 0, 0.707106, 127.944, 0, -232.6)

[node name="road_tunnel" parent="laberintoTuneles3" instance=ExtResource("6_4yh0u")]
transform = Transform3D(1, 0, 0, 0, 1, 0, 0, 0, 1, 21.711, 0, -122.8)

[node name="road_tunnel6" parent="laberintoTuneles3" instance=ExtResource("6_4yh0u")]
transform = Transform3D(-0.393635, 0, -0.75471, 0, 1, 0, 0.452826, 0, -0.656059, 27.6833, 0, -211.592)

[node name="road_tunnel2" parent="laberintoTuneles3" instance=ExtResource("6_4yh0u")]
transform = Transform3D(0.707106, 0, -0.707106, 0, 1, 0, 0.707106, 0, 0.707106, 96.853, 0, -91.951)

[node name="road_tunnel3" parent="laberintoTuneles3" instance=ExtResource("6_4yh0u")]
transform = Transform3D(0.707106, 0, 0.707106, 0, 1, 0, -0.707106, 0, 0.707106, 96.8717, 0, -153.67)

[node name="right_road_tunnel" parent="laberintoTuneles3" instance=ExtResource("7_38dig")]
transform = Transform3D(0.707106, 0, 0.707106, 0, 1, 0, -0.707106, 0, 0.707106, 59.0919, 0, -267.041)

[node name="right_road_tunnel13" parent="laberintoTuneles3" instance=ExtResource("7_38dig")]
transform = Transform3D(0.707106, 0, -0.707106, 0, 1, 0, 0.707106, 0, 0.707106, 94.1918, 0, -301.542)

[node name="road_tunnel4" parent="laberintoTuneles3" instance=ExtResource("6_4yh0u")]
transform = Transform3D(-0.707106, 3.394e-08, 0.707106, -7.61095e-09, 1, -5.56094e-08, -0.707106, -4.47035e-08, -0.707106, 71.6484, 4.76837e-07, -324.12)

[node name="right_road_tunnel2" parent="laberintoTuneles3" instance=ExtResource("7_38dig")]
transform = Transform3D(1, 0, -5.96046e-08, 0, 1, 0, 5.96046e-08, 0, 1, 163.792, 0, -232.397)

[node name="right_road_tunnel3" parent="laberintoTuneles3" instance=ExtResource("7_38dig")]
transform = Transform3D(-0.707106, 0, -0.707106, 0, 1, 0, 0.707106, 0, -0.707106, 162.992, 0, -184.655)

[node name="right_road_tunnel4" parent="laberintoTuneles3" instance=ExtResource("7_38dig")]
transform = Transform3D(0.707106, 0, -0.707106, 0, 1, 0, 0.707106, 0, 0.707106, 260.773, 0, -183.555)

[node name="right_road_tunnel12" parent="laberintoTuneles3" instance=ExtResource("7_38dig")]
transform = Transform3D(-0.707106, 0, 0.707106, 0, 1, 0, -0.707106, 0, -0.707106, 259.873, 0, -163.055)

[node name="intersection_tunnel_sin_señal1" parent="laberintoTuneles3" instance=ExtResource("8_l3ei4")]
transform = Transform3D(-4.37722e-08, 0, -1, 0, 1, 0, 1, 0, -4.37722e-08, -22.189, 0, -122.8)

[node name="intersection_tunnel_sin_señal2" parent="laberintoTuneles3" instance=ExtResource("8_l3ei4")]
transform = Transform3D(-0.707106, 0, 0.707106, 0, 1, 0, -0.707106, 0, -0.707106, -22.2534, 0, -195.701)

[node name="right_road_tunnel5" parent="laberintoTuneles3" instance=ExtResource("7_38dig")]
transform = Transform3D(-0.707106, 0, 0.707106, 0, 1, 0, -0.707106, 0, -0.707106, -47.6964, 0, -148.003)

[node name="right_road_tunnel6" parent="laberintoTuneles3" instance=ExtResource("7_38dig")]
transform = Transform3D(0, 0, 1, 0, 1, 0, -1, 0, 0, -47.3548, 0, -171.103)

[node name="right_road_tunnel7" parent="laberintoTuneles3" instance=ExtResource("7_38dig")]
transform = Transform3D(0, 0, 1, 0, 1, 0, -1, 0, 0, 42.6453, 0, -251.087)

[node name="right_road_tunnel8" parent="laberintoTuneles3" instance=ExtResource("7_38dig")]
transform = Transform3D(-0.707106, 0, -0.707106, 0, 1, 0, 0.707106, 0, -0.707106, 12.7453, 0, -195.587)

[node name="right_road_tunnel9" parent="laberintoTuneles3" instance=ExtResource("7_38dig")]
transform = Transform3D(0, 0, -1, 0, 1, 0, 1, 0, 0, 42.6453, 0, -227.187)

[node name="road_tunnel7" parent="laberintoTuneles3" instance=ExtResource("6_4yh0u")]
transform = Transform3D(-4.37722e-08, 0, -1, 0, 1, 0, 1, 0, -4.37722e-08, -22.0306, 0, -239.5)

[node name="intersection_tunnel_sin_señal3" parent="laberintoTuneles3" instance=ExtResource("8_l3ei4")]
transform = Transform3D(-4.37722e-08, 0, -1, 0, 1, 0, 1, 0, -4.37722e-08, 187.311, 0, -208.766)

[node name="road_tunnel8" parent="laberintoTuneles3" instance=ExtResource("6_4yh0u")]
transform = Transform3D(1, 0, 0, 0, 1, 0, 0, 0, 1, 171.811, 0, -60.6585)

[node name="intersection_tunnel_sin_señal4" parent="laberintoTuneles3" instance=ExtResource("8_l3ei4")]
transform = Transform3D(0, 0, -1, 0, 1, 0, 1, 0, 0, 283.145, 0, -140.195)

[node name="right_road_tunnel11" parent="laberintoTuneles3" instance=ExtResource("7_38dig")]
transform = Transform3D(-0.707106, 0, -0.707106, 0, 1, 0, 0.707106, 0, -0.707106, 202.911, 0, -60.3002)

[node name="road_tunnel10" parent="laberintoTuneles3" instance=ExtResource("6_4yh0u")]
transform = Transform3D(0.707106, 0, 0.707106, 0, 1, 0, -0.707106, 0, 0.707106, 225.524, 0, -82.864)

[node name="road_tunnel11" parent="laberintoTuneles3" instance=ExtResource("6_4yh0u")]
transform = Transform3D(0.707106, 0, 0.707106, 0, 1, 0, -0.707106, 0, 0.707106, 253.808, 0, -111.148)

[node name="right_road_tunnel14" parent="laberintoTuneles3" instance=ExtResource("7_38dig")]
transform = Transform3D(-4.47035e-08, 0, -1, 0, 1, 0, 1, 0, -4.47035e-08, 260.407, 0, -233.077)

[node name="road_tunnel13" parent="laberintoTuneles3" instance=ExtResource("6_4yh0u")]
transform = Transform3D(0, 5.56093e-08, 1, -7.61095e-09, 1, -5.56094e-08, -1, -7.61094e-09, -2.98023e-08, 260.433, 4.76837e-07, -264.984)

[node name="road_tunnel14" parent="laberintoTuneles3" instance=ExtResource("6_4yh0u")]
transform = Transform3D(-7.17118e-08, 5.56093e-08, 1, -1.06553e-08, 1, -5.56093e-08, -1.4, -7.61095e-09, -4.37722e-08, 260.433, 4.76837e-07, -312.884)

[node name="right_road_tunnel15" parent="laberintoTuneles3" instance=ExtResource("7_38dig")]
transform = Transform3D(-0.707106, 0, -0.707106, 0, 1, 0, 0.707106, 0, -0.707106, 318.231, 0, -139.859)

[node name="road_tunnel15" parent="laberintoTuneles3" instance=ExtResource("6_4yh0u")]
transform = Transform3D(0.707106, 4.47035e-08, 0.707106, -7.61095e-09, 1, -5.56094e-08, -0.707106, 3.394e-08, 0.707106, 340.81, 4.76837e-07, -162.402)

[node name="road_tunnel5" parent="laberintoTuneles3" instance=ExtResource("6_4yh0u")]
transform = Transform3D(0.0235074, 0, 0.999723, 0, 1, 0, -0.999723, 0, 0.0235074, 126.809, 0, 10.5179)

[node name="road_tunnel12" parent="laberintoTuneles3" instance=ExtResource("6_4yh0u")]
transform = Transform3D(0.0235074, 0, 0.999723, 0, 1, 0, -0.999723, 0, 0.0235074, 127.537, 0, -19.0841)

[node name="right_road_tunnel10" parent="laberintoTuneles3" instance=ExtResource("7_38dig")]
transform = Transform3D(0.0219545, 0, -0.999759, 0, 1, 0, 0.999759, 0, 0.0219545, 357.834, 0, -179.172)

[node name="right_road_tunnel16" parent="laberintoTuneles3" instance=ExtResource("7_38dig")]
transform = Transform3D(0.0119551, 0, 0.999928, 0, 1, 0, -0.999928, 0, 0.0119551, 357.655, 0, -199.65)

[node name="road_tunnel9" parent="laberintoTuneles3" instance=ExtResource("6_4yh0u")]
transform = Transform3D(-4.37722e-08, 0, -1, 0, 1, 0, 1, 0, -4.37722e-08, -22.0389, 0, -274.823)

[node name="road_tunnel16" parent="laberintoTuneles3" instance=ExtResource("6_4yh0u")]
transform = Transform3D(-0.707105, 3.394e-08, 0.707106, -7.61095e-09, 1, -5.56094e-08, -0.707106, -4.47035e-08, -0.707105, 56.3689, 4.76837e-07, -339.43)

[node name="road_tunnel17" parent="laberintoTuneles3" instance=ExtResource("6_4yh0u")]
transform = Transform3D(-7.35745e-08, 5.56093e-08, 1, -1.06553e-08, 1, -5.56093e-08, -1.4, -7.61095e-09, -4.37722e-08, 260.27, 4.76837e-07, -331.537)

[node name="right_road_tunnel17" parent="laberintoTuneles3" instance=ExtResource("7_38dig")]
transform = Transform3D(-0.0205583, 0, 0.999788, 0, 1, 0, -0.999788, 0, -0.0205583, -47.2624, 0, -98.2708)

[node name="road_tunnel18" parent="laberintoTuneles3" instance=ExtResource("6_4yh0u")]
transform = Transform3D(0.0258105, 0, -0.999666, 0, 1, 0, 0.999666, 0, 0.0258105, -46.5598, 0, -66.7687)

[node name="intersection_tunnel_sin_señal5" parent="laberintoTuneles3" instance=ExtResource("8_l3ei4")]
transform = Transform3D(-0.700909, 0, 0.71325, 0, 1, 0, -0.71325, 0, -0.700909, -46.4526, 0, -24.7812)

[node name="right_road_tunnel18" parent="laberintoTuneles3" instance=ExtResource("7_38dig")]
transform = Transform3D(-0.719049, 0, -0.694959, 0, 1, 0, 0.694959, 0, -0.719049, -72.0936, 0, 0.149933)

[node name="camino_exterior" parent="laberintoTuneles3" instance=ExtResource("10_dpydx")]
transform = Transform3D(0.00738527, 0, 0.024748, 0, 1, 0, -0.831308, 0, 0.000219859, -16.2004, 0, -24.608)

[node name="road_tunnel19" parent="laberintoTuneles3" instance=ExtResource("9_bbgey")]
transform = Transform3D(0.993154, 0.11262, -0.0310238, -0.112644, 0.993635, 0.000983035, 0.030937, 0.00251834, 0.999518, -142.086, 6.00872, -2.69941)

[node name="road_tunnel20" parent="laberintoTuneles3" instance=ExtResource("6_4yh0u")]
transform = Transform3D(0.994986, 0.0926277, -0.0376816, -0.0925305, 0.9957, 0.00431669, 0.0379194, -0.000808354, 0.999279, -102.969, 1.94766, -1.32825)

[node name="laberintoTuneles4" type="Node3D" parent="."]
transform = Transform3D(1.31134e-07, 0, -1, 0, 1, 0, 1, 0, 1.31134e-07, 151.799, 0.7, 15.2482)

[node name="intersection_tunnel_señal2" parent="laberintoTuneles4" instance=ExtResource("4_0uiia")]
transform = Transform3D(0.707107, 0, 0.707107, 0, 1, 0, -0.707107, 0, 0.707107, 127.225, 0, -60.0438)

[node name="intersection_tunnel_señal3" parent="laberintoTuneles4" instance=ExtResource("4_0uiia")]
transform = Transform3D(-0.707107, 0, 0.707107, 0, 1, 0, -0.707107, 0, -0.707107, 127.255, 0, -183.994)

[node name="intersection_tunnel_señal4" parent="laberintoTuneles4" instance=ExtResource("4_0uiia")]
transform = Transform3D(-4.37114e-08, 0, 1, 0, 1, 0, -1, 0, -4.37114e-08, 234.5, 0, -207.953)

[node name="intersection_tunnel_señal5" parent="laberintoTuneles4" instance=ExtResource("4_0uiia")]
transform = Transform3D(-0.707107, 0, -0.707107, 0, 1, 0, 0.707107, 0, -0.707107, 93.3564, 0, -265.664)

[node name="intersection_tunnel_señal6" parent="laberintoTuneles4" instance=ExtResource("5_4oggl")]
transform = Transform3D(0.707107, 0, 0.707107, 0, 1, 0, -0.707107, 0, 0.707107, 127.233, 0, -231.8)

[node name="road_tunnel7" parent="laberintoTuneles4" instance=ExtResource("6_4yh0u")]
transform = Transform3D(-0.707107, 0, -0.707107, 0, 1, 0, 0.707107, 0, -0.707107, 35.7786, 0, -243.67)

[node name="road_tunnel9" parent="laberintoTuneles4" instance=ExtResource("6_4yh0u")]
transform = Transform3D(-0.707107, 0, -0.707107, 0, 1, 0, 0.707107, 0, -0.707107, 7.56503, 0, -215.457)

[node name="road_tunnel12" parent="laberintoTuneles4" instance=ExtResource("6_4yh0u")]
transform = Transform3D(-0.31466, 0, -0.777146, 0, 1, 0, 0.388573, 0, -0.62932, -11.9299, 0, -194.472)

[node name="road_tunnel2" parent="laberintoTuneles4" instance=ExtResource("6_4yh0u")]
transform = Transform3D(0.707107, 0, -0.707107, 0, 1, 0, 0.707107, 0, 0.707107, 96.1421, 0, -91.1508)

[node name="road_tunnel3" parent="laberintoTuneles4" instance=ExtResource("6_4yh0u")]
transform = Transform3D(0.707107, 0, 0.707107, 0, 1, 0, -0.707107, 0, 0.707107, 96.1607, 0, -152.87)

[node name="right_road_tunnel" parent="laberintoTuneles4" instance=ExtResource("7_38dig")]
transform = Transform3D(0.707107, 0, 0.707107, 0, 1, 0, -0.707107, 0, 0.707107, 58.3808, 0, -266.241)

[node name="right_road_tunnel2" parent="laberintoTuneles4" instance=ExtResource("7_38dig")]
transform = Transform3D(1, 0, -5.96046e-08, 0, 1, 0, 5.96046e-08, 0, 1, 163.081, 0, -231.597)

[node name="right_road_tunnel3" parent="laberintoTuneles4" instance=ExtResource("7_38dig")]
transform = Transform3D(-0.707107, 0, -0.707107, 0, 1, 0, 0.707107, 0, -0.707107, 162.281, 0, -183.855)

[node name="right_road_tunnel4" parent="laberintoTuneles4" instance=ExtResource("7_38dig")]
transform = Transform3D(0.707107, 0, -0.707107, 0, 1, 0, 0.707107, 0, 0.707107, 260.062, 0, -182.755)

[node name="right_road_tunnel12" parent="laberintoTuneles4" instance=ExtResource("7_38dig")]
transform = Transform3D(-0.707107, 0, 0.707107, 0, 1, 0, -0.707107, 0, -0.707107, 259.162, 0, -162.255)

[node name="intersection_tunnel_sin_señal1" parent="laberintoTuneles4" instance=ExtResource("8_l3ei4")]
transform = Transform3D(-4.37114e-08, 0, -1, 0, 1, 0, 1, 0, -4.37114e-08, -22.9, 0, -122)

[node name="right_road_tunnel5" parent="laberintoTuneles4" instance=ExtResource("7_38dig")]
transform = Transform3D(-0.707107, 0, 0.707107, 0, 1, 0, -0.707107, 0, -0.707107, -48.4074, 0, -147.203)

[node name="right_road_tunnel6" parent="laberintoTuneles4" instance=ExtResource("7_38dig")]
transform = Transform3D(0, 0, 1, 0, 1, 0, -1, 0, 0, -48.0658, 0, -170.303)

[node name="right_road_tunnel13" parent="laberintoTuneles4" instance=ExtResource("7_38dig")]
transform = Transform3D(0.707107, 0, 0.707107, 0, 1, 0, -0.707107, 0, 0.707107, -38.454, 0, -179.515)

[node name="right_road_tunnel8" parent="laberintoTuneles4" instance=ExtResource("7_38dig")]
transform = Transform3D(-0.707107, 0, -0.707107, 0, 1, 0, 0.707107, 0, -0.707107, -26.0828, 0, -178.728)

[node name="intersection_tunnel_sin_señal2" parent="laberintoTuneles4" instance=ExtResource("8_l3ei4")]
transform = Transform3D(-4.37114e-08, 0, -1, 0, 1, 0, 1, 0, -4.37114e-08, 186.6, 0, -207.966)

[node name="road_tunnel8" parent="laberintoTuneles4" instance=ExtResource("6_4yh0u")]
transform = Transform3D(1, 0, 0, 0, 1, 0, 0, 0, 1, 171.1, 0, -59.8583)

[node name="intersection_tunnel_sin_señal3" parent="laberintoTuneles4" instance=ExtResource("8_l3ei4")]
transform = Transform3D(0, 0, -1, 0, 1, 0, 1, 0, 0, 282.434, 0, -139.395)

[node name="right_road_tunnel11" parent="laberintoTuneles4" instance=ExtResource("7_38dig")]
transform = Transform3D(-0.707107, 0, -0.707107, 0, 1, 0, 0.707107, 0, -0.707107, 202.2, 0, -59.5)

[node name="road_tunnel10" parent="laberintoTuneles4" instance=ExtResource("6_4yh0u")]
transform = Transform3D(0.707107, 0, 0.707107, 0, 1, 0, -0.707107, 0, 0.707107, 224.813, 0, -82.0638)

